VARIABLES = "X", "Y", "obj_func"
1.050496E+00      2.510448E-02      -9.671439E-02     
1.050496E+00      2.510448E-02      -4.469795E-02     
1.050496E+00      2.510448E-02      -7.331255E-02     
1.050496E+00      2.510448E-02      -1.105306E-01     
1.050496E+00      2.510448E-02      -4.108632E-02     
1.050496E+00      2.510448E-02      -4.805282E-02     
1.050496E+00      2.510448E-02      -5.884285E-02     
1.050496E+00      2.510448E-02      -5.368051E-02     
1.050496E+00      2.510448E-02      -5.181576E-02     
1.050496E+00      2.510448E-02      -1.609877E-01     
1.050496E+00      2.510448E-02      -4.281328E-02     
1.050496E+00      2.510448E-02      -4.496735E-02     
1.050496E+00      2.510448E-02      -7.428864E-02     
1.050496E+00      2.510448E-02      -4.937237E-02     
1.050496E+00      2.510448E-02      -6.038002E-02     
1.050496E+00      2.510448E-02      -7.598453E-02     
1.050496E+00      2.510448E-02      -4.369310E-02     
1.050496E+00      2.510448E-02      -4.246345E-02     
1.050496E+00      2.510448E-02      -6.372169E-02     
1.050496E+00      2.510448E-02      -4.716409E-02     
1.050496E+00      2.510448E-02      -5.068492E-02     
1.050496E+00      2.510448E-02      -2.203788E-01     
1.050496E+00      2.510448E-02      -4.488580E-02     
1.050496E+00      2.510448E-02      -1.089145E-01     
1.050496E+00      2.510448E-02      -5.156855E-02     
1.050496E+00      2.510448E-02      -4.009431E-02     
1.050496E+00      2.510448E-02      -4.475017E-02     
1.050496E+00      2.510448E-02      -8.002504E-02     
1.050496E+00      2.510448E-02      -4.341469E-02     
1.050496E+00      2.510448E-02      -6.670498E-02     
1.050496E+00      2.510448E-02      -2.086894E-01     
1.050496E+00      2.510448E-02      -4.776018E-02     
1.050496E+00      2.510448E-02      -5.073760E-02     
1.050496E+00      2.510448E-02      -6.933236E-02     
1.050496E+00      2.510448E-02      -4.270481E-02     
1.050496E+00      2.510448E-02      -5.916030E-02     
1.050496E+00      2.510448E-02      -7.896093E-02     
1.050496E+00      2.510448E-02      -4.803035E-02     
1.050496E+00      2.510448E-02      -4.297056E-02     
1.050496E+00      2.510448E-02      -8.117001E-02     
1.050496E+00      2.510448E-02      -4.390845E-02     
1.050496E+00      2.510448E-02      -6.922156E-02     
1.050496E+00      2.510448E-02      -9.019123E-02     
1.050496E+00      2.510448E-02      -5.464187E-02     
1.050496E+00      2.510448E-02      -5.680914E-02     
1.050496E+00      2.510448E-02      -7.257689E-02     
1.050496E+00      2.510448E-02      -4.098240E-02     
1.050496E+00      2.510448E-02      -5.098429E-02     
1.050496E+00      2.510448E-02      -8.044463E-02     
1.050496E+00      2.510448E-02      -4.551364E-02     
1.050496E+00      2.510448E-02      -5.690738E-02     
1.050496E+00      2.510448E-02      -1.234131E-01     
1.050496E+00      2.510448E-02      -4.120966E-02     
1.050496E+00      2.510448E-02      -4.664938E-02     
1.050496E+00      2.510448E-02      -1.018265E-01     
1.050496E+00      2.510448E-02      -4.449465E-02     
1.050496E+00      2.510448E-02      -5.532088E-02     
1.050496E+00      2.510448E-02      -1.743444E-01     
1.050496E+00      2.510448E-02      -5.090378E-02     
1.050496E+00      2.510448E-02      -4.614219E-02     
1.050496E+00      2.510448E-02      -4.555554E-02     
1.050496E+00      2.510448E-02      -4.151987E-02     
1.050496E+00      2.510448E-02      -4.612242E-02     
1.050496E+00      2.510448E-02      -1.944164E-01     
1.050496E+00      2.510448E-02      -4.529051E-02     
1.050496E+00      2.510448E-02      -9.074396E-02     
1.050496E+00      2.510448E-02      -8.713514E-02     
1.050496E+00      2.510448E-02      -4.254218E-02     
1.050496E+00      2.510448E-02      -4.865780E-02     
1.050496E+00      2.510448E-02      -6.449466E-02     
1.050496E+00      2.510448E-02      -4.454089E-02     
1.050496E+00      2.510448E-02      -4.767575E-02     
1.050496E+00      2.510448E-02      -7.917775E-02     
1.050496E+00      2.510448E-02      -4.253966E-02     
1.050496E+00      2.510448E-02      -4.883165E-02     
1.050496E+00      2.510448E-02      -1.666519E-01     
1.050496E+00      2.510448E-02      -4.506941E-02     
1.050496E+00      2.510448E-02      -8.257497E-02     
1.050496E+00      2.510448E-02      -6.795558E-02     
1.050496E+00      2.510448E-02      -5.863080E-02     
1.050496E+00      2.510448E-02      -4.314507E-02     
1.050496E+00      2.510448E-02      -5.365586E-02     
1.050496E+00      2.510448E-02      -4.104805E-02     
1.050496E+00      2.510448E-02      -5.858955E-02     
1.050496E+00      2.510448E-02      -1.404775E-01     
1.050496E+00      2.510448E-02      -5.670880E-02     
1.050496E+00      2.510448E-02      -8.755127E-02     
1.050496E+00      2.510448E-02      -1.033432E-01     
1.050496E+00      2.510448E-02      -4.032563E-02     
1.050496E+00      2.510448E-02      -4.323214E-02     
1.050496E+00      2.510448E-02      -9.652674E-02     
1.050496E+00      2.510448E-02      -4.863943E-02     
1.050496E+00      2.510448E-02      -4.626011E-02     
1.050496E+00      2.510448E-02      -1.356362E-01     
1.050496E+00      2.510448E-02      -4.199496E-02     
1.050496E+00      2.510448E-02      -5.860412E-02     
1.050496E+00      2.510448E-02      -6.703970E-02     
1.050496E+00      2.510448E-02      -4.376782E-02     
1.050496E+00      2.510448E-02      -6.440369E-02     
1.050496E+00      2.510448E-02      -1.111667E-01     
1.050496E+00      2.510448E-02      -4.165641E-02     
1.050496E+00      2.510448E-02      -4.591285E-02     
1.050496E+00      2.510448E-02      -1.763205E-01     
1.050496E+00      2.510448E-02      -4.879746E-02     
1.050496E+00      2.510448E-02      -9.874630E-02     
1.050496E+00      2.510448E-02      -6.582203E-02     
1.050496E+00      2.510448E-02      -4.192971E-02     
1.050496E+00      2.510448E-02      -5.310545E-02     
1.050496E+00      2.510448E-02      -6.981561E-02     
1.050496E+00      2.510448E-02      -4.357548E-02     
1.050496E+00      2.510448E-02      -4.637415E-02     
1.050496E+00      2.510448E-02      -9.162944E-02     
1.050496E+00      2.510448E-02      -4.267411E-02     
1.050496E+00      2.510448E-02      -4.503707E-02     
1.050496E+00      2.510448E-02      -1.607669E-01     
1.050496E+00      2.510448E-02      -4.806984E-02     
1.050496E+00      2.510448E-02      -9.856730E-02     
1.050496E+00      2.510448E-02      -5.947741E-02     
1.050496E+00      2.510448E-02      -4.894433E-02     
1.050496E+00      2.510448E-02      -4.341584E-02     
1.050496E+00      2.510448E-02      -6.198558E-02     
1.050496E+00      2.510448E-02      -4.132580E-02     
1.050496E+00      2.510448E-02      -5.149782E-02     
1.050496E+00      2.510448E-02      -1.750939E-01     
1.050496E+00      2.510448E-02      -6.324384E-02     
1.050496E+00      2.510448E-02      -7.833622E-02     
1.050496E+00      2.510448E-02      -8.363067E-02     
1.050496E+00      2.510448E-02      -4.035957E-02     
1.050496E+00      2.510448E-02      -4.515561E-02     
1.050496E+00      2.510448E-02      -8.366175E-02     
1.050496E+00      2.510448E-02      -4.576456E-02     
1.050496E+00      2.510448E-02      -4.694708E-02     
1.050496E+00      2.510448E-02      -1.562968E-01     
1.050496E+00      2.510448E-02      -4.213185E-02     
1.050496E+00      2.510448E-02      -5.181505E-02     
1.050496E+00      2.510448E-02      -6.857929E-02     
1.050496E+00      2.510448E-02      -4.594016E-02     
1.050496E+00      2.510448E-02      -5.807921E-02     
1.050496E+00      2.510448E-02      -1.036293E-01     
1.050496E+00      2.510448E-02      -5.055720E-02     
1.050496E+00      2.510448E-02      -5.286570E-02     
1.050496E+00      2.510448E-02      -6.308559E-02     
1.050496E+00      2.510448E-02      -4.224972E-02     
1.050496E+00      2.510448E-02      -4.865384E-02     
1.050496E+00      2.510448E-02      -8.156519E-02     
1.050496E+00      2.510448E-02      -4.308117E-02     
1.050496E+00      2.510448E-02      -8.064250E-02     
1.050496E+00      2.510448E-02      -7.691241E-02     
1.050496E+00      2.510448E-02      -4.301277E-02     
1.050496E+00      2.510448E-02      -4.763666E-02     
1.050496E+00      2.510448E-02      -1.281589E-01     
1.050496E+00      2.510448E-02      -5.332524E-02     
1.050496E+00      2.510448E-02      -6.955066E-02     
1.050496E+00      2.510448E-02      -6.838127E-02     
1.050496E+00      2.510448E-02      -4.015970E-02     
1.050496E+00      2.510448E-02      -4.158316E-02     
1.050496E+00      2.510448E-02      -1.332694E-01     
1.050496E+00      2.510448E-02      -4.401232E-02     
1.050496E+00      2.510448E-02      -7.031178E-02     
1.050496E+00      2.510448E-02      -1.467635E-01     
1.050496E+00      2.510448E-02      -6.228998E-02     
1.050496E+00      2.510448E-02      -4.535997E-02     
1.050496E+00      2.510448E-02      -5.918617E-02     
1.050496E+00      2.510448E-02      -4.142463E-02     
1.050496E+00      2.510448E-02      -4.778720E-02     
1.050496E+00      2.510448E-02      -7.184893E-02     
1.050496E+00      2.510448E-02      -4.359557E-02     
1.050496E+00      2.510448E-02      -7.778634E-02     
1.050496E+00      2.510448E-02      -1.477635E-01     
1.050496E+00      2.510448E-02      -4.191261E-02     
1.050496E+00      2.510448E-02      -8.622996E-02     
1.050496E+00      2.510448E-02      -6.095816E-02     
1.050496E+00      2.510448E-02      -4.796936E-02     
1.050496E+00      2.510448E-02      -4.956037E-02     
1.050496E+00      2.510448E-02      -1.301404E-01     
1.050496E+00      2.510448E-02      -4.108992E-02     
1.050496E+00      2.510448E-02      -4.348420E-02     
1.050496E+00      2.510448E-02      -7.644194E-02     
1.050496E+00      2.510448E-02      -5.067824E-02     
1.050496E+00      2.510448E-02      -7.301125E-02     
1.050496E+00      2.510448E-02      -1.230177E-01     
1.050496E+00      2.510448E-02      -4.987011E-02     
1.050496E+00      2.510448E-02      -4.458337E-02     
1.050496E+00      2.510448E-02      -7.311620E-02     
1.050496E+00      2.510448E-02      -4.341441E-02     
1.050496E+00      2.510448E-02      -4.527577E-02     
1.050496E+00      2.510448E-02      -1.132191E-01     
1.050496E+00      2.510448E-02      -4.491332E-02     
1.050496E+00      2.510448E-02      -1.000862E-01     
1.050496E+00      2.510448E-02      -5.351465E-02     
1.050496E+00      2.510448E-02      -4.096901E-02     
1.050496E+00      2.510448E-02      -4.714256E-02     
1.050496E+00      2.510448E-02      -1.294492E-01     
1.050496E+00      2.510448E-02      -4.527988E-02     
1.050496E+00      2.510448E-02      -5.744634E-02     
1.050496E+00      2.510448E-02      -1.596299E-01     
1.050496E+00      2.510448E-02      -4.303080E-02     
1.050496E+00      2.510448E-02      -4.354390E-02     
1.050496E+00      2.510448E-02      -4.922431E-02     
1.050496E+00      2.510448E-02      -4.146998E-02     
1.050496E+00      2.510448E-02      -7.966299E-02     
1.050496E+00      2.510448E-02      -1.133844E-01     
1.050496E+00      2.510448E-02      -5.835357E-02     
1.050496E+00      2.510448E-02      -5.010843E-02     
1.050496E+00      2.510448E-02      -1.420464E-01     
1.050496E+00      2.510448E-02      -4.314283E-02     
1.050496E+00      2.510448E-02      -5.766396E-02     
1.050496E+00      2.510448E-02      -8.472199E-02     
1.050496E+00      2.510448E-02      -4.260085E-02     
1.050496E+00      2.510448E-02      -4.633867E-02     
1.050496E+00      2.510448E-02      -6.674158E-02     
1.050496E+00      2.510448E-02      -4.118478E-02     
1.050496E+00      2.510448E-02      -6.417509E-02     
1.050496E+00      2.510448E-02      -1.178465E-01     
1.050496E+00      2.510448E-02      -6.586734E-02     
1.050496E+00      2.510448E-02      -5.996210E-02     
1.050496E+00      2.510448E-02      -1.079951E-01     
1.050496E+00      2.510448E-02      -4.096615E-02     
1.050496E+00      2.510448E-02      -4.304799E-02     
1.050496E+00      2.510448E-02      -5.516242E-02     
1.050496E+00      2.510448E-02      -4.413509E-02     
1.050496E+00      2.510448E-02      -5.029263E-02     
1.050496E+00      2.510448E-02      -1.663826E-01     
1.050496E+00      2.510448E-02      -6.179585E-02     
1.050496E+00      2.510448E-02      -6.762040E-02     
1.050496E+00      2.510448E-02      -5.407423E-02     
1.050496E+00      2.510448E-02      -4.160519E-02     
1.050496E+00      2.510448E-02      -4.767636E-02     
1.050496E+00      2.510448E-02      -1.348734E-01     
1.050496E+00      2.510448E-02      -4.299164E-02     
1.050496E+00      2.510448E-02      -6.143556E-02     
1.050496E+00      2.510448E-02      -7.118473E-02     
1.050496E+00      2.510448E-02      -4.182765E-02     
1.050496E+00      2.510448E-02      -4.855538E-02     
1.050496E+00      2.510448E-02      -1.114677E-01     
1.050496E+00      2.510448E-02      -4.610129E-02     
1.050496E+00      2.510448E-02      -7.123899E-02     
1.050496E+00      2.510448E-02      -1.356780E-01     
1.050496E+00      2.510448E-02      -4.164594E-02     
1.050496E+00      2.510448E-02      -4.456814E-02     
1.050496E+00      2.510448E-02      -9.925326E-02     
1.050496E+00      2.510448E-02      -4.265011E-02     
1.050496E+00      2.510448E-02      -6.358541E-02     
1.050496E+00      2.510448E-02      -5.929688E-02     
1.050496E+00      2.510448E-02      -5.774495E-02     
1.050496E+00      2.510448E-02      -4.494739E-02     
1.050496E+00      2.510448E-02      -6.618095E-02     
1.050496E+00      2.510448E-02      -4.551952E-02     
1.050496E+00      2.510448E-02      -5.485509E-02     
1.050496E+00      2.510448E-02      -1.114105E-01     
1.050496E+00      2.510448E-02      -5.172609E-02     
1.050496E+00      2.510448E-02      -6.791093E-02     
1.050496E+00      2.510448E-02      -6.035484E-02     
1.050496E+00      2.510448E-02      -3.993895E-02     
1.050496E+00      2.510448E-02      -4.556247E-02     
1.050496E+00      2.510448E-02      -1.000511E-01     
1.050496E+00      2.510448E-02      -5.819310E-02     
1.050496E+00      2.510448E-02      -5.395970E-02     
1.050496E+00      2.510448E-02      -2.439005E-01     
1.050496E+00      2.510448E-02      -4.218013E-02     
1.050496E+00      2.510448E-02      -4.909009E-02     
1.050496E+00      2.510448E-02      -5.802235E-02     
1.050496E+00      2.510448E-02      -4.156684E-02     
1.050496E+00      2.510448E-02      -4.928302E-02     
1.050496E+00      2.510448E-02      -9.758669E-02     
1.050496E+00      2.510448E-02      -4.570612E-02     
1.050496E+00      2.510448E-02      -4.790873E-02     
1.050496E+00      2.510448E-02      -9.686412E-02     
1.050496E+00      2.510448E-02      -5.244921E-02     
1.050496E+00      2.510448E-02      -6.993161E-02     
1.050496E+00      2.510448E-02      -8.131076E-02     
1.050496E+00      2.510448E-02      -4.333674E-02     
1.050496E+00      2.510448E-02      -8.134630E-02     
1.050496E+00      2.510448E-02      -5.169585E-02     
1.050496E+00      2.510448E-02      -4.054136E-02     
1.050496E+00      2.510448E-02      -4.341840E-02     
1.050496E+00      2.510448E-02      -1.254918E-01     
1.050496E+00      2.510448E-02      -4.807098E-02     
1.050496E+00      2.510448E-02      -8.420790E-02     
1.050496E+00      2.510448E-02      -1.217042E-01     
1.050496E+00      2.510448E-02      -4.285217E-02     
1.050496E+00      2.510448E-02      -4.299192E-02     
1.050496E+00      2.510448E-02      -8.141754E-02     
1.050496E+00      2.510448E-02      -4.263502E-02     
1.050496E+00      2.510448E-02      -7.321852E-02     
1.050496E+00      2.510448E-02      -1.155641E-01     
1.050496E+00      2.510448E-02      -5.153703E-02     
1.050496E+00      2.510448E-02      -4.500610E-02     
1.050496E+00      2.510448E-02      -6.743951E-02     
1.050496E+00      2.510448E-02      -4.154202E-02     
1.050496E+00      2.510448E-02      -5.285411E-02     
1.050496E+00      2.510448E-02      -1.587366E-01     
1.050496E+00      2.510448E-02      -4.929798E-02     
1.050496E+00      2.510448E-02      -5.435503E-02     
1.050496E+00      2.510448E-02      -1.016603E-01     
1.050496E+00      2.510448E-02      -4.165682E-02     
1.050496E+00      2.510448E-02      -5.026171E-02     
1.050496E+00      2.510448E-02      -4.772267E-02     
1.050496E+00      2.510448E-02      -4.583263E-02     
1.050496E+00      2.510448E-02      -5.297515E-02     
1.050496E+00      2.510448E-02      -1.653225E-01     
1.050496E+00      2.510448E-02      -4.194507E-02     
1.050496E+00      2.510448E-02      -5.051077E-02     
1.050496E+00      2.510448E-02      -1.160527E-01     
1.050496E+00      2.510448E-02      -4.642631E-02     
1.050496E+00      2.510448E-02      -6.843553E-02     
1.050496E+00      2.510448E-02      -7.676691E-02     
1.050496E+00      2.510448E-02      -4.404302E-02     
1.050496E+00      2.510448E-02      -4.324695E-02     
1.050496E+00      2.510448E-02      -4.981336E-02     
1.050496E+00      2.510448E-02      -4.294833E-02     
1.050496E+00      2.510448E-02      -6.260961E-02     
1.050496E+00      2.510448E-02      -2.293122E-01     
1.050496E+00      2.510448E-02      -4.678432E-02     
1.050496E+00      2.510448E-02      -8.427142E-02     
1.050496E+00      2.510448E-02      -5.379840E-02     
1.050496E+00      2.510448E-02      -4.131668E-02     
1.050496E+00      2.510448E-02      -4.391523E-02     
1.050496E+00      2.510448E-02      -8.501103E-02     
1.050496E+00      2.510448E-02      -4.346851E-02     
1.050496E+00      2.510448E-02      -5.335131E-02     
1.050496E+00      2.510448E-02      -1.357107E-01     
1.050496E+00      2.510448E-02      -4.676817E-02     
1.050496E+00      2.510448E-02      -5.072693E-02     
1.050496E+00      2.510448E-02      -9.928197E-02     
1.050496E+00      2.510448E-02      -4.276376E-02     
1.050496E+00      2.510448E-02      -5.004312E-02     
1.050496E+00      2.510448E-02      -9.491419E-02     
1.050496E+00      2.510448E-02      -5.620010E-02     
1.050496E+00      2.510448E-02      -4.369854E-02     
1.050496E+00      2.510448E-02      -6.918562E-02     
1.050496E+00      2.510448E-02      -4.221872E-02     
1.050496E+00      2.510448E-02      -8.308507E-02     
1.050496E+00      2.510448E-02      -9.624210E-02     
1.050496E+00      2.510448E-02      -4.595087E-02     
1.050496E+00      2.510448E-02      -8.370515E-02     
1.050496E+00      2.510448E-02      -8.547021E-02     
1.050496E+00      2.510448E-02      -4.055394E-02     
1.050496E+00      2.510448E-02      -5.306419E-02     
1.050496E+00      2.510448E-02      -1.058486E-01     
1.050496E+00      2.510448E-02      -4.937512E-02     
1.050496E+00      2.510448E-02      -4.864732E-02     
1.050496E+00      2.510448E-02      -9.740882E-02     
1.050496E+00      2.510448E-02      -4.161178E-02     
1.050496E+00      2.510448E-02      -4.621895E-02     
1.050496E+00      2.510448E-02      -8.648899E-02     
1.050496E+00      2.510448E-02      -4.684128E-02     
1.050496E+00      2.510448E-02      -5.689493E-02     
1.050496E+00      2.510448E-02      -1.487136E-01     
1.050496E+00      2.510448E-02      -5.170475E-02     
1.050496E+00      2.510448E-02      -4.841839E-02     
1.050496E+00      2.510448E-02      -4.494032E-02     
1.050496E+00      2.510448E-02      -4.114518E-02     
1.050496E+00      2.510448E-02      -4.354577E-02     
1.050496E+00      2.510448E-02      -1.447347E-01     
1.050496E+00      2.510448E-02      -4.820032E-02     
1.050496E+00      2.510448E-02      -9.775040E-02     
1.050496E+00      2.510448E-02      -1.137459E-01     
1.050496E+00      2.510448E-02      -4.148507E-02     
1.050496E+00      2.510448E-02      -5.270530E-02     
1.050496E+00      2.510448E-02      -9.343556E-02     
1.050496E+00      2.510448E-02      -4.342871E-02     
1.050496E+00      2.510448E-02      -4.801256E-02     
1.050496E+00      2.510448E-02      -8.626161E-02     
1.050496E+00      2.510448E-02      -4.118754E-02     
1.050496E+00      2.510448E-02      -4.561173E-02     
1.050496E+00      2.510448E-02      -1.720202E-01     
1.050496E+00      2.510448E-02      -4.776835E-02     
1.050496E+00      2.510448E-02      -9.562090E-02     
1.050496E+00      2.510448E-02      -6.878675E-02     
1.050496E+00      2.510448E-02      -5.196604E-02     
1.050496E+00      2.510448E-02      -4.354400E-02     
1.050496E+00      2.510448E-02      -7.772799E-02     
1.050496E+00      2.510448E-02      -4.143320E-02     
1.050496E+00      2.510448E-02      -4.704705E-02     
1.050496E+00      2.510448E-02      -1.119665E-01     
1.050496E+00      2.510448E-02      -5.645834E-02     
1.050496E+00      2.510448E-02      -8.795265E-02     
1.050496E+00      2.510448E-02      -6.494686E-02     
1.050496E+00      2.510448E-02      -4.133578E-02     
1.050496E+00      2.510448E-02      -4.867361E-02     
1.050496E+00      2.510448E-02      -6.133889E-02     
1.050496E+00      2.510448E-02      -5.125159E-02     
1.050496E+00      2.510448E-02      -5.087278E-02     
1.050496E+00      2.510448E-02      -1.674641E-01     
1.050496E+00      2.510448E-02      -4.136484E-02     
1.050496E+00      2.510448E-02      -4.665495E-02     
1.050496E+00      2.510448E-02      -6.706827E-02     
1.050496E+00      2.510448E-02      -4.525739E-02     
1.050496E+00      2.510448E-02      -5.637331E-02     
1.050496E+00      2.510448E-02      -1.397077E-01     
1.050496E+00      2.510448E-02      -4.800634E-02     
1.050496E+00      2.510448E-02      -5.195764E-02     
1.050496E+00      2.510448E-02      -8.272620E-02     
1.050496E+00      2.510448E-02      -4.334047E-02     
1.050496E+00      2.510448E-02      -4.757328E-02     
1.050496E+00      2.510448E-02      -9.235957E-02     
1.050496E+00      2.510448E-02      -4.249760E-02     
1.050496E+00      2.510448E-02      -6.169294E-02     
1.050496E+00      2.510448E-02      -9.452185E-02     
1.050496E+00      2.510448E-02      -4.182271E-02     
1.050496E+00      2.510448E-02      -4.891566E-02     
1.050496E+00      2.510448E-02      -1.179245E-01     
1.050496E+00      2.510448E-02      -4.992657E-02     
1.050496E+00      2.510448E-02      -8.351181E-02     
1.050496E+00      2.510448E-02      -7.016502E-02     
1.050496E+00      2.510448E-02      -4.042006E-02     
1.050496E+00      2.510448E-02      -4.178682E-02     
1.050496E+00      2.510448E-02      -7.320072E-02     
1.050496E+00      2.510448E-02      -4.439906E-02     
1.050496E+00      2.510448E-02      -8.666661E-02     
1.050496E+00      2.510448E-02      -1.329513E-01     
1.050496E+00      2.510448E-02      -8.693422E-02     
1.050496E+00      2.510448E-02      -4.817555E-02     
1.050496E+00      2.510448E-02      -5.535860E-02     
1.050496E+00      2.510448E-02      -4.177338E-02     
1.050496E+00      2.510448E-02      -4.996063E-02     
1.050496E+00      2.510448E-02      -6.736950E-02     
1.050496E+00      2.510448E-02      -4.267850E-02     
1.050496E+00      2.510448E-02      -5.980360E-02     
1.050496E+00      2.510448E-02      -1.610148E-01     
1.050496E+00      2.510448E-02      -4.250234E-02     
1.050496E+00      2.510448E-02      -5.921312E-02     
1.050496E+00      2.510448E-02      -9.872222E-02     
1.050496E+00      2.510448E-02      -4.743931E-02     
1.050496E+00      2.510448E-02      -4.621533E-02     
1.050496E+00      2.510448E-02      -1.681757E-01     
1.050496E+00      2.510448E-02      -4.124299E-02     
1.050496E+00      2.510448E-02      -4.413127E-02     
1.050496E+00      2.510448E-02      -5.796012E-02     
1.050496E+00      2.510448E-02      -4.407922E-02     
1.050496E+00      2.510448E-02      -7.372114E-02     
1.050496E+00      2.510448E-02      -1.103649E-01     
1.050496E+00      2.510448E-02      -4.976019E-02     
1.050496E+00      2.510448E-02      -5.145775E-02     
1.050496E+00      2.510448E-02      -5.634045E-02     
1.050496E+00      2.510448E-02      -4.298582E-02     
1.050496E+00      2.510448E-02      -4.732680E-02     
1.050496E+00      2.510448E-02      -1.448278E-01     
1.050496E+00      2.510448E-02      -4.478974E-02     
1.050496E+00      2.510448E-02      -7.300053E-02     
1.050496E+00      2.510448E-02      -4.836415E-02     
1.050496E+00      2.510448E-02      -4.008937E-02     
1.050496E+00      2.510448E-02      -4.853641E-02     
1.050496E+00      2.510448E-02      -1.542542E-01     
1.050496E+00      2.510448E-02      -5.044921E-02     
1.050496E+00      2.510448E-02      -6.292495E-02     
1.050496E+00      2.510448E-02      -1.685185E-01     
1.050496E+00      2.510448E-02      -4.371973E-02     
1.050496E+00      2.510448E-02      -4.324143E-02     
1.050496E+00      2.510448E-02      -5.847420E-02     
1.050496E+00      2.510448E-02      -4.157440E-02     
1.050496E+00      2.510448E-02      -5.734971E-02     
1.050496E+00      2.510448E-02      -9.307053E-02     
1.050496E+00      2.510448E-02      -5.946049E-02     
1.050496E+00      2.510448E-02      -4.700654E-02     
1.050496E+00      2.510448E-02      -1.360329E-01     
1.050496E+00      2.510448E-02      -4.303709E-02     
1.050496E+00      2.510448E-02      -6.077792E-02     
1.050496E+00      2.510448E-02      -8.297286E-02     
1.050496E+00      2.510448E-02      -4.492258E-02     
1.050496E+00      2.510448E-02      -4.994215E-02     
1.050496E+00      2.510448E-02      -5.220986E-02     
1.050496E+00      2.510448E-02      -4.107170E-02     
1.050496E+00      2.510448E-02      -5.721757E-02     
1.050496E+00      2.510448E-02      -1.304834E-01     
1.050496E+00      2.510448E-02      -5.504068E-02     
1.050496E+00      2.510448E-02      -8.062171E-02     
1.050496E+00      2.510448E-02      -1.333110E-01     
1.050496E+00      2.510448E-02      -4.046073E-02     
1.050496E+00      2.510448E-02      -4.364424E-02     
1.050496E+00      2.510448E-02      -6.679037E-02     
1.050496E+00      2.510448E-02      -4.334797E-02     
1.050496E+00      2.510448E-02      -4.859817E-02     
1.050496E+00      2.510448E-02      -1.364843E-01     
1.050496E+00      2.510448E-02      -5.583846E-02     
1.050496E+00      2.510448E-02      -7.009057E-02     
1.050496E+00      2.510448E-02      -6.239780E-02     
1.050496E+00      2.510448E-02      -4.302652E-02     
1.050496E+00      2.510448E-02      -4.528291E-02     
1.050496E+00      2.510448E-02      -1.336029E-01     
1.050496E+00      2.510448E-02      -4.450072E-02     
1.050496E+00      2.510448E-02      -6.957574E-02     
1.050496E+00      2.510448E-02      -5.929039E-02     
1.050496E+00      2.510448E-02      -4.154923E-02     
1.050496E+00      2.510448E-02      -4.655728E-02     
1.050496E+00      2.510448E-02      -6.989132E-02     
1.050496E+00      2.510448E-02      -4.972121E-02     
1.050496E+00      2.510448E-02      -6.391267E-02     
1.050496E+00      2.510448E-02      -1.255336E-01     
1.050496E+00      2.510448E-02      -4.309576E-02     
1.050496E+00      2.510448E-02      -4.314509E-02     
1.050496E+00      2.510448E-02      -1.538712E-01     
1.050496E+00      2.510448E-02      -4.303918E-02     
1.050496E+00      2.510448E-02      -7.055108E-02     
1.050496E+00      2.510448E-02      -6.341070E-02     
1.050496E+00      2.510448E-02      -4.506804E-02     
1.050496E+00      2.510448E-02      -4.386672E-02     
1.050496E+00      2.510448E-02      -9.365686E-02     
1.050496E+00      2.510448E-02      -4.318295E-02     
