       cb1,       sig,       cb2,       kar,       cw2,       cw3,       cv1 
  0.137477,  0.745744,  0.638726,  0.372647,  0.209113,  2.250098,  7.206248 
  0.133696,  1.298831,  0.662486,  0.380694,  0.237547,  2.471992,  7.339120 
  0.135328,  0.959736,  0.683366,  0.367225,  0.168589,  2.627317,  7.285141 
  0.131547,  0.623933,  0.622166,  0.403085,  0.269564,  1.717554,  7.394687 
  0.139625,  1.186896,  0.674006,  0.419003,  0.301580,  1.872879,  7.251434 
  0.131783,  0.939983,  0.642758,  0.398187,  0.338522,  2.655765,  7.376002 
  0.136252,  0.780861,  0.649238,  0.391540,  0.289266,  2.041860,  7.297109 
  0.129893,  1.343824,  0.696038,  0.370723,  0.138363,  1.975292,  7.454894 
  0.138487,  1.126540,  0.615398,  0.377720,  0.094033,  2.382096,  7.486036 
  0.133932,  0.701848,  0.679478,  0.367924,  0.135900,  2.315528,  7.054202 
  0.134791,  1.264811,  0.630518,  0.409557,  0.059553,  1.605469,  7.000223 
  0.131010,  1.024482,  0.659318,  0.416479,  0.214710,  1.538901,  7.114410 
  0.138701,  0.688680,  0.685814,  0.395663,  0.227024,  2.101031,  6.954548 
  0.132858,  1.152877,  0.620294,  0.389540,  0.164558,  2.256357,  7.087420 
  0.136811,  0.915840,  0.665654,  0.371873,  0.265534,  2.468009,  7.033441 
  0.129162,  0.843412,  0.640454,  0.384118,  0.304939,  2.623335,  7.153856 
  0.137756,  1.337239,  0.650534,  0.365400,  0.341881,  1.787536,  6.915102 
  0.133459,  1.100202,  0.691574,  0.410707,  0.295087,  1.809725,  7.214064 
  0.135865,  0.764400,  0.624902,  0.415605,  0.149782,  2.704695,  7.325076 
  0.131069,  1.224208,  0.675302,  0.397937,  0.100525,  1.994636,  7.287705 
  0.139663,  0.987171,  0.634982,  0.388141,  0.129631,  1.928068,  7.412273 
  0.132272,  0.651368,  0.655142,  0.368899,  0.060673,  2.394045,  7.227498 
  0.135968,  1.204455,  0.697622,  0.384817,  0.215830,  2.327477,  7.385283 
  0.130124,  0.875237,  0.612662,  0.364001,  0.220755,  1.600349,  7.293934 
  0.138202,  0.815977,  0.670262,  0.408782,  0.176425,  1.533781,  7.451719 
  0.134421,  1.398693,  0.635241,  0.413680,  0.252772,  2.169875,  7.495318 
  0.134893,  1.062891,  0.663321,  0.394963,  0.300461,  2.192065,  7.044799 
  0.130596,  0.736965,  0.683481,  0.388841,  0.337403,  2.510112,  6.990820 
  0.139190,  1.286759,  0.622281,  0.375371,  0.297998,  2.569284,  7.123692 
  0.132573,  0.980586,  0.671961,  0.382069,  0.152692,  1.733485,  6.963830 
  0.137042,  0.615154,  0.644601,  0.361252,  0.105899,  1.814846,  7.084245 
  0.129651,  1.178117,  0.646617,  0.406558,  0.118213,  2.709816,  7.030266 
  0.137278,  0.926448,  0.693417,  0.414605,  0.055157,  1.981331,  7.163138 
  0.133497,  0.798053,  0.617097,  0.401136,  0.210314,  1.914763,  6.900325 
  0.135387,  1.361016,  0.680457,  0.386092,  0.222628,  2.454704,  7.215896 
  0.131606,  1.114103,  0.629337,  0.376296,  0.178297,  2.343757,  7.340463 
  0.139426,  0.695996,  0.658137,  0.381194,  0.247256,  1.641095,  7.261571 
  0.132036,  1.258959,  0.688377,  0.363526,  0.311289,  1.567130,  7.419356 
  0.136505,  1.041675,  0.617529,  0.405159,  0.343306,  2.114468,  7.222124 
  0.129759,  0.676243,  0.667209,  0.411631,  0.293378,  2.195828,  7.379910 
  0.138352,  1.137148,  0.642009,  0.401835,  0.148072,  2.513876,  7.301017 
  0.134055,  0.900111,  0.651369,  0.392039,  0.108667,  2.562806,  7.458802 
  0.134657,  0.860605,  0.690249,  0.374372,  0.113593,  1.727007,  7.483716 
  0.130876,  1.324802,  0.626889,  0.379270,  0.069262,  1.882333,  7.051882 
  0.138954,  1.087765,  0.677289,  0.360552,  0.199791,  2.732925,  6.997903 
  0.133110,  0.750865,  0.631785,  0.405859,  0.218598,  2.030262,  7.118318 
  0.136580,  1.244692,  0.656265,  0.418103,  0.174267,  1.956297,  6.958456 
  0.129189,  1.007655,  0.698025,  0.399311,  0.250614,  2.407481,  7.091328 
  0.137783,  0.642223,  0.610905,  0.393189,  0.314647,  2.355706,  7.037349 
  0.133228,  1.201894,  0.668505,  0.372373,  0.349127,  1.653043,  7.148361 
  0.135634,  0.895721,  0.637545,  0.380419,  0.280168,  1.562010,  6.917911 
  0.131338,  0.836462,  0.660873,  0.366950,  0.154565,  2.109347,  7.191959 
  0.139931,  1.389548,  0.685353,  0.403335,  0.102398,  2.264672,  7.349745 
  0.132154,  1.050454,  0.624153,  0.419253,  0.114712,  2.538341,  7.258395 
  0.136107,  0.724528,  0.673113,  0.398437,  0.070381,  2.604909,  7.416181 
  0.130263,  1.307244,  0.643593,  0.391789,  0.193522,  1.761714,  7.231406 
  0.138084,  0.971441,  0.648633,  0.370973,  0.230464,  1.828282,  7.389191 
  0.134302,  0.601620,  0.695433,  0.377445,  0.181208,  2.738045,  7.291613 
  0.135162,  1.164583,  0.613699,  0.367650,  0.247032,  2.035382,  7.449399 
  0.130414,  0.947299,  0.681379,  0.409282,  0.311065,  1.951177,  7.492997 
  0.139008,  0.789274,  0.629539,  0.417329,  0.352933,  2.402360,  7.048707 
  0.132648,  1.352237,  0.658339,  0.396512,  0.276586,  2.291413,  6.994728 
  0.137117,  1.111908,  0.686419,  0.390390,  0.160834,  1.677508,  7.127600 
  0.129468,  0.716846,  0.619459,  0.371673,  0.091875,  1.514786,  6.967738 
  0.137547,  1.279809,  0.664675,  0.383918,  0.110682,  2.150881,  7.077284 
  0.133765,  1.032895,  0.639475,  0.364976,  0.066351,  2.217449,  7.039914 
  0.135269,  0.664171,  0.653155,  0.410282,  0.196880,  2.550289,  7.164481 
  0.131488,  1.157998,  0.691315,  0.415180,  0.233822,  2.616857,  6.925727 
  0.139566,  0.920961,  0.625795,  0.397512,  0.187029,  1.753179,  7.187319 
  0.131918,  0.851826,  0.676195,  0.387716,  0.258451,  1.819747,  7.345104 
  0.136386,  1.311227,  0.634435,  0.368999,  0.317558,  2.670339,  7.266211 
  0.130027,  1.074190,  0.653587,  0.384917,  0.345992,  2.056434,  7.423997 
  0.138621,  0.768017,  0.699667,  0.364101,  0.277034,  1.893712,  7.220537 
  0.133816,  1.232215,  0.611827,  0.408882,  0.161281,  2.433653,  7.378322 
  0.134676,  0.995178,  0.669427,  0.413780,  0.084934,  2.293120,  7.299429 
  0.130895,  0.636330,  0.636307,  0.394538,  0.121877,  1.679215,  7.457215 
  0.138715,  1.219046,  0.662947,  0.388416,  0.072620,  1.506252,  7.488357 
  0.132871,  0.883243,  0.682243,  0.374946,  0.192626,  2.142346,  7.056523 
  0.136824,  0.823984,  0.621043,  0.382993,  0.229568,  2.208915,  7.002544 
  0.129047,  1.373778,  0.674323,  0.362177,  0.190164,  2.482583,  7.113555 
  0.137641,  1.067606,  0.644083,  0.407483,  0.261585,  2.637909,  6.970303 
  0.133344,  0.741680,  0.646963,  0.414480,  0.323155,  1.705956,  7.094870 
  0.135750,  1.294766,  0.693763,  0.401011,  0.335469,  1.861281,  7.015977 
  0.131195,  0.957866,  0.616003,  0.385731,  0.273004,  2.682287,  7.173763 
  0.139789,  0.622064,  0.678931,  0.375935,  0.157251,  2.068382,  6.922552 
  0.132398,  1.185027,  0.631411,  0.380833,  0.088293,  1.888591,  7.196600 
  0.135900,  0.938113,  0.660211,  0.363166,  0.125235,  2.428532,  7.354386 
  0.130057,  0.786673,  0.687571,  0.404798,  0.078442,  2.361964,  7.256808 
  0.138135,  1.349636,  0.618451,  0.411795,  0.204045,  1.614923,  7.414593 
  0.134353,  1.132352,  0.666691,  0.401999,  0.236061,  1.548355,  7.229818 
  0.134955,  0.707660,  0.641491,  0.392204,  0.183895,  2.088295,  7.387604 
  0.130658,  1.270623,  0.649606,  0.374536,  0.255316,  2.243621,  7.296254 
  0.139252,  1.020418,  0.692086,  0.379434,  0.324275,  2.487704,  7.454040 
  0.132506,  0.684615,  0.625846,  0.360192,  0.329200,  2.643029,  7.497638 
  0.136975,  1.148813,  0.676246,  0.405498,  0.284870,  1.693439,  7.041379 
  0.129584,  0.911776,  0.632326,  0.417743,  0.144490,  1.848764,  7.004009 
  0.137404,  0.838250,  0.655366,  0.400075,  0.083815,  2.743735,  7.128577 
  0.133623,  1.332078,  0.696982,  0.393953,  0.120757,  1.996693,  6.943801 
  0.135514,  1.095040,  0.613462,  0.373137,  0.081352,  1.930125,  7.101587 
  0.131732,  0.759238,  0.671062,  0.380134,  0.206955,  2.373912,  7.010237 
  0.130340,  1.360508,  0.656692,  0.399119,  0.274073,  2.680843,  6.954903 
  0.137967,  1.113595,  0.698452,  0.390898,  0.158321,  2.066937,  7.087775 
  0.134186,  0.695488,  0.611332,  0.370082,  0.089362,  1.887147,  7.033796 
  0.135045,  1.258451,  0.668932,  0.378128,  0.126305,  2.427088,  7.154211 
  0.130490,  1.041167,  0.637972,  0.368332,  0.079511,  2.360520,  6.915457 
  0.139084,  0.675734,  0.660724,  0.409965,  0.205114,  1.613478,  7.214419 
  0.132725,  1.136640,  0.685204,  0.416962,  0.237131,  1.546910,  7.325430 
  0.137193,  0.899603,  0.624004,  0.396146,  0.184516,  2.086851,  7.288060 
  0.129416,  0.860097,  0.672964,  0.390023,  0.255938,  2.242176,  7.412628 
  0.137494,  1.324294,  0.643444,  0.371081,  0.324897,  2.486259,  7.227853 
  0.133713,  1.087257,  0.648484,  0.383326,  0.329822,  2.641585,  7.385638 
  0.135346,  0.750357,  0.695284,  0.365658,  0.285492,  1.699391,  7.294289 
  0.131564,  1.244184,  0.613780,  0.410964,  0.145111,  1.854716,  7.452074 
  0.139643,  1.007147,  0.681460,  0.415862,  0.082422,  2.749687,  7.495673 
  0.131769,  0.641715,  0.629620,  0.397145,  0.119364,  2.002645,  7.045154 
  0.136237,  1.201386,  0.658420,  0.387349,  0.079959,  1.936077,  6.991174 
  0.129878,  0.895213,  0.686500,  0.369682,  0.205562,  2.379864,  7.124046 
  0.138472,  0.835954,  0.619540,  0.385600,  0.240042,  2.313296,  6.964185 
  0.133917,  1.389040,  0.664468,  0.364784,  0.171083,  1.625426,  7.084600 
  0.134776,  1.049946,  0.639268,  0.407991,  0.262207,  1.558858,  7.030621 
  0.130995,  0.724020,  0.652948,  0.412889,  0.320643,  2.078316,  7.163493 
  0.138686,  1.306736,  0.691108,  0.395221,  0.332957,  2.233642,  6.900040 
  0.132843,  0.970933,  0.625588,  0.389099,  0.288626,  2.551689,  7.215611 
  0.136796,  0.601112,  0.675988,  0.375629,  0.140857,  2.573879,  7.340179 
  0.129147,  1.164075,  0.634228,  0.382626,  0.096527,  1.738080,  7.261286 
  0.137741,  0.946791,  0.653293,  0.361810,  0.128543,  1.797251,  7.419072 
  0.133444,  0.788766,  0.699373,  0.407116,  0.075929,  2.692222,  7.221840 
  0.135851,  1.351729,  0.611533,  0.414038,  0.201532,  2.004352,  7.379625 
  0.131103,  1.111400,  0.669133,  0.400569,  0.243400,  1.937784,  7.300732 
  0.139696,  0.716338,  0.636013,  0.386575,  0.167053,  2.371330,  7.458518 
  0.132306,  1.279301,  0.662653,  0.376779,  0.268028,  2.304762,  7.483431 
  0.136001,  1.032387,  0.682669,  0.381677,  0.307433,  1.690856,  7.051597 
  0.130157,  0.663663,  0.621469,  0.362959,  0.326688,  1.579910,  6.997618 
  0.138235,  1.157490,  0.674749,  0.404592,  0.282357,  2.127247,  7.118033 
  0.134454,  0.920453,  0.644509,  0.412639,  0.141977,  2.186418,  6.958172 
  0.134927,  0.851317,  0.647389,  0.402843,  0.097646,  2.504466,  7.091044 
  0.130630,  1.311857,  0.694189,  0.393047,  0.132126,  2.585827,  7.037065 
  0.139224,  1.074820,  0.616429,  0.373805,  0.063167,  1.750028,  7.149053 
  0.132606,  0.768647,  0.678781,  0.378703,  0.208473,  1.792131,  6.918603 
  0.137075,  1.232845,  0.631261,  0.361035,  0.238922,  2.687101,  7.192652 
  0.129685,  0.995808,  0.660061,  0.406341,  0.169963,  2.073196,  7.350437 
  0.137255,  0.636960,  0.687421,  0.418586,  0.270939,  1.962249,  7.259088 
  0.133474,  1.219676,  0.618301,  0.399869,  0.302955,  2.413433,  7.416873 
  0.135364,  0.883873,  0.666541,  0.393747,  0.339897,  2.339468,  7.232098 
  0.131583,  0.824614,  0.641341,  0.372930,  0.290641,  1.636805,  7.389884 
  0.139404,  1.374408,  0.649837,  0.379628,  0.136339,  1.585030,  7.292306 
  0.132013,  1.068236,  0.692317,  0.366158,  0.092008,  2.132367,  7.450091 
  0.136482,  0.742310,  0.626077,  0.403593,  0.133876,  2.173901,  7.493690 
  0.129736,  1.295396,  0.676477,  0.419511,  0.057529,  2.491949,  7.049399 
  0.138329,  0.958496,  0.632557,  0.398695,  0.212686,  2.647274,  6.995420 
  0.134032,  0.622694,  0.655597,  0.390998,  0.225000,  1.767097,  7.128292 
  0.134634,  1.185657,  0.696925,  0.370181,  0.165221,  1.833665,  6.968430 
  0.130853,  0.938743,  0.613405,  0.378228,  0.266196,  2.721239,  7.077488 
  0.138931,  0.787303,  0.671005,  0.368432,  0.305601,  2.018576,  7.040118 
  0.133087,  1.350266,  0.637165,  0.410065,  0.342543,  1.966801,  7.164685 
  0.136589,  1.132982,  0.661645,  0.416537,  0.295750,  2.417984,  6.925931 
  0.129198,  0.708291,  0.684685,  0.395721,  0.150444,  2.333778,  7.187523 
  0.137792,  1.271253,  0.623485,  0.389598,  0.101188,  1.631116,  7.345308 
  0.133238,  1.021048,  0.671218,  0.371931,  0.129846,  1.520169,  7.266415 
  0.135644,  0.685245,  0.645298,  0.384176,  0.060887,  2.156264,  7.424201 
  0.131347,  1.149443,  0.647458,  0.365458,  0.216044,  2.222832,  7.220741 
  0.139941,  0.912406,  0.694258,  0.410765,  0.220970,  2.533483,  7.378526 
  0.132163,  0.838880,  0.614338,  0.415663,  0.176639,  2.600051,  7.299633 
  0.136116,  1.332708,  0.680578,  0.396870,  0.252987,  1.779045,  7.457419 
  0.130273,  1.095670,  0.628594,  0.387074,  0.299332,  1.845613,  7.488561 
  0.138093,  0.759868,  0.657394,  0.369407,  0.336274,  2.716118,  7.056727 
  0.134312,  1.230650,  0.689074,  0.385325,  0.296869,  2.013455,  7.002747 
  0.135171,  0.993613,  0.619234,  0.364509,  0.151564,  1.902509,  7.112294 
  0.130391,  0.657810,  0.665314,  0.408241,  0.104770,  2.442449,  6.969041 
  0.138985,  1.210897,  0.640114,  0.413139,  0.117084,  2.279728,  7.093608 
  0.132625,  0.871802,  0.652354,  0.395471,  0.057305,  1.665822,  7.014716 
  0.137094,  0.812543,  0.689506,  0.389349,  0.212462,  1.525290,  7.172501 
  0.129446,  1.395259,  0.627586,  0.375879,  0.224776,  2.161384,  6.921290 
  0.137524,  1.059456,  0.677986,  0.382351,  0.180446,  2.227952,  7.195339 
  0.133742,  0.733531,  0.633346,  0.361535,  0.249404,  2.522672,  7.353124 
  0.135246,  1.281862,  0.654226,  0.406841,  0.313437,  2.589240,  7.255546 
  0.131465,  0.975689,  0.698866,  0.414888,  0.345454,  1.709063,  7.413332 
  0.139543,  0.610257,  0.610162,  0.401418,  0.292839,  1.864388,  7.228557 
  0.131895,  1.173220,  0.667762,  0.386375,  0.147534,  2.663205,  7.386342 
  0.136363,  0.932890,  0.638242,  0.376579,  0.108129,  2.049300,  7.294993 
  0.130004,  0.804495,  0.662002,  0.381477,  0.113054,  1.908767,  7.452778 
  0.138598,  1.367458,  0.682882,  0.362535,  0.068724,  2.448708,  7.496377 
  0.133850,  1.120545,  0.621682,  0.404167,  0.199253,  2.275745,  7.042682 
  0.134709,  0.692561,  0.673522,  0.412214,  0.217836,  1.661839,  7.005312 
  0.130928,  1.255524,  0.642850,  0.402418,  0.173505,  1.595271,  7.129880 
  0.138748,  1.038240,  0.649330,  0.392622,  0.249852,  2.098230,  6.945105 
  0.132905,  0.672808,  0.696130,  0.373905,  0.313885,  2.253555,  7.102890 
  0.136858,  1.135908,  0.615490,  0.378803,  0.348364,  2.475449,  7.011540 
  0.129080,  0.898871,  0.679570,  0.361135,  0.279406,  2.630774,  7.169326 
  0.137674,  0.859365,  0.630610,  0.406441,  0.153802,  1.721011,  6.930572 
  0.133377,  1.323563,  0.659410,  0.418686,  0.103875,  1.876337,  7.185935 
  0.135783,  1.086526,  0.685733,  0.399444,  0.116189,  2.658084,  7.343720 
  0.131229,  0.757307,  0.620213,  0.393322,  0.071858,  2.044179,  7.264828 
  0.139822,  1.251135,  0.665573,  0.372506,  0.194999,  1.977611,  7.422613 
  0.132432,  1.014098,  0.640373,  0.380552,  0.231941,  2.384416,  7.225381 
  0.135885,  0.648665,  0.650453,  0.367083,  0.182685,  2.317848,  7.383167 
  0.130042,  1.198460,  0.691493,  0.403468,  0.245822,  1.607789,  7.304274 
  0.138120,  0.892287,  0.625109,  0.419386,  0.309855,  1.541220,  7.462060 
  0.134339,  0.833028,  0.675509,  0.398570,  0.351723,  2.103351,  7.498209 
  0.134940,  1.386114,  0.635189,  0.390614,  0.275376,  2.258676,  7.058070 
  0.130643,  1.045922,  0.655349,  0.369798,  0.159624,  2.461706,  6.979177 
  0.139237,  0.719996,  0.697829,  0.377845,  0.090665,  2.617032,  7.136963 
  0.132491,  1.302712,  0.612869,  0.368049,  0.109920,  1.781233,  6.939731 
  0.136960,  0.966910,  0.670469,  0.409681,  0.065589,  1.803422,  7.097516 
  0.129569,  0.608062,  0.635621,  0.416678,  0.196118,  2.698393,  7.018624 
  0.137389,  1.171025,  0.663701,  0.395862,  0.233060,  1.988334,  7.176409 
  0.133608,  0.953741,  0.683861,  0.389740,  0.186267,  1.921766,  6.918970 
  0.135499,  0.795716,  0.622661,  0.372072,  0.257688,  2.387742,  7.193018 
  0.131717,  1.358679,  0.672341,  0.384317,  0.316796,  2.321174,  7.350804 
  0.139344,  1.108473,  0.644981,  0.365075,  0.347245,  1.600873,  7.259454 
  0.131954,  0.713412,  0.646277,  0.410381,  0.278286,  1.534305,  7.417240 
  0.136423,  1.276375,  0.693077,  0.415279,  0.162534,  2.170400,  7.232465 
  0.129805,  1.029461,  0.616757,  0.397611,  0.086187,  2.192589,  7.390250 
  0.138399,  0.659517,  0.680117,  0.387815,  0.123129,  2.510637,  7.289497 
  0.134102,  1.153345,  0.628997,  0.369098,  0.073873,  2.569808,  7.463891 
  0.134575,  0.916308,  0.657797,  0.385017,  0.190602,  1.734010,  7.474272 
  0.130794,  0.847172,  0.688037,  0.364200,  0.227544,  1.815371,  7.067352 
  0.138872,  1.317954,  0.617765,  0.407857,  0.188139,  2.710341,  6.976002 
  0.133028,  1.080917,  0.667445,  0.412755,  0.259561,  1.983213,  7.133788 
  0.136723,  0.774744,  0.642245,  0.395087,  0.321131,  1.916645,  6.949013 
  0.129333,  1.238941,  0.651605,  0.388965,  0.333445,  2.456586,  7.106798 
  0.137926,  1.001904,  0.690485,  0.375496,  0.273666,  2.345639,  7.009220 
  0.133146,  0.633180,  0.627125,  0.382493,  0.157914,  1.642976,  7.167006 
  0.135552,  1.215896,  0.677525,  0.361676,  0.088955,  1.569012,  6.928251 
  0.131256,  0.880094,  0.631676,  0.406982,  0.125897,  2.116349,  7.189843 
  0.139849,  0.820834,  0.656156,  0.415029,  0.079104,  2.197710,  7.347628 
  0.132201,  1.372823,  0.697916,  0.401560,  0.204707,  2.515757,  7.268736 
  0.136154,  1.066651,  0.610796,  0.385991,  0.236724,  2.564688,  7.426521 
  0.130310,  0.740725,  0.668396,  0.376195,  0.184109,  1.728889,  7.218420 
  0.138002,  1.293811,  0.637436,  0.381093,  0.255531,  1.884214,  7.392815 
  0.134220,  0.964593,  0.661052,  0.363426,  0.324489,  2.734806,  7.305617 
  0.135080,  0.628790,  0.685532,  0.405058,  0.329415,  2.032143,  7.438489 
  0.130525,  1.191753,  0.624332,  0.412055,  0.285085,  1.958179,  7.469631 
  0.139119,  0.944840,  0.673292,  0.402259,  0.144704,  2.409362,  7.062711 
  0.132759,  0.783523,  0.643772,  0.392464,  0.082686,  2.357587,  6.983818 
  0.137228,  1.346486,  0.648812,  0.373521,  0.119628,  1.654924,  7.141604 
  0.129386,  1.129202,  0.695612,  0.378419,  0.080223,  1.560477,  6.938143 
  0.137465,  0.704511,  0.613964,  0.360752,  0.205827,  2.107815,  7.095929 
  0.133683,  1.267474,  0.681644,  0.406058,  0.240306,  2.263140,  7.017036 
  0.135316,  1.016170,  0.629804,  0.418303,  0.171347,  2.536809,  7.174822 
  0.131535,  0.680368,  0.658604,  0.399586,  0.262471,  2.603377,  6.923611 
  0.139613,  1.144565,  0.686684,  0.393463,  0.320907,  1.760182,  7.197659 
  0.131836,  0.907528,  0.619724,  0.372647,  0.333221,  1.826750,  7.355444 
  0.136304,  0.844977,  0.664220,  0.380693,  0.288891,  2.736513,  7.254691 
  0.129945,  1.338804,  0.639020,  0.367224,  0.141122,  2.033850,  7.429086 
  0.138539,  1.101767,  0.652700,  0.403084,  0.096791,  1.949645,  7.236006 
  0.133984,  0.765965,  0.690860,  0.419002,  0.128808,  2.400828,  7.368878 
  0.134843,  1.226870,  0.625340,  0.398186,  0.076193,  2.289881,  7.314899 
  0.131062,  0.989833,  0.675740,  0.391539,  0.201797,  1.675976,  7.435314 
  0.138625,  0.654030,  0.633980,  0.370723,  0.243665,  1.513254,  7.478913 
  0.132781,  1.207117,  0.653708,  0.377720,  0.167317,  2.149349,  7.071992 
  0.136735,  0.867656,  0.699788,  0.367924,  0.268293,  2.215917,  6.974415 
  0.129086,  0.808397,  0.611948,  0.409556,  0.307698,  2.548757,  7.132200 
  0.137680,  1.391113,  0.669548,  0.416479,  0.326281,  2.615325,  6.947425 
  0.133383,  1.055311,  0.636428,  0.395662,  0.281950,  1.755061,  7.105210 
  0.135789,  0.729385,  0.663068,  0.389540,  0.141570,  1.821629,  7.013861 
  0.131106,  1.289056,  0.682047,  0.371872,  0.097239,  2.672221,  7.171646 
  0.139699,  0.982883,  0.620847,  0.384117,  0.131719,  2.058315,  6.932892 
  0.132309,  0.617451,  0.674127,  0.365400,  0.062760,  1.895594,  7.182515 
  0.136004,  1.180414,  0.643887,  0.410706,  0.208066,  2.435534,  7.356910 
  0.130160,  0.930208,  0.646767,  0.415604,  0.239411,  2.295002,  7.269713 
  0.138239,  0.801813,  0.693567,  0.397936,  0.170452,  1.681097,  7.402585 
  0.134457,  1.364776,  0.615807,  0.388140,  0.271427,  1.500737,  7.242723 
  0.134865,  1.117862,  0.679023,  0.368898,  0.303444,  2.136832,  7.363138 
  0.130569,  0.692073,  0.631503,  0.384817,  0.340386,  2.203400,  7.309159 
  0.139162,  1.255036,  0.660303,  0.364000,  0.291130,  2.477068,  7.442031 
  0.132545,  1.037752,  0.687663,  0.408782,  0.137540,  2.632394,  7.466945 
  0.137014,  0.672320,  0.618543,  0.413680,  0.093209,  1.700441,  7.060024 
  0.129623,  1.143102,  0.666783,  0.394962,  0.135077,  1.855767,  6.981131 
  0.137315,  0.906065,  0.641583,  0.388840,  0.058730,  2.676772,  7.138917 
  0.133533,  0.866559,  0.649935,  0.375371,  0.213887,  2.062867,  6.941685 
  0.135424,  1.330757,  0.692415,  0.382068,  0.226201,  1.889904,  7.099470 
  0.131643,  1.093720,  0.626175,  0.361252,  0.164183,  2.429845,  7.020578 
  0.139463,  0.754625,  0.676575,  0.406558,  0.265158,  2.363277,  7.178363 
  0.132072,  1.248452,  0.632655,  0.414604,  0.304563,  1.616235,  6.934358 
  0.136541,  1.011415,  0.655695,  0.401135,  0.341505,  1.549667,  7.200101 
  0.129698,  0.645983,  0.696591,  0.386091,  0.294712,  2.089608,  7.332973 
  0.138292,  1.194680,  0.613071,  0.376295,  0.149406,  2.244934,  7.278994 
  0.133995,  0.888507,  0.670671,  0.381193,  0.100150,  2.489016,  7.399409 
  0.134597,  0.829248,  0.636831,  0.363526,  0.130599,  2.644342,  7.239548 
  0.130816,  1.382334,  0.661311,  0.405158,  0.061640,  1.695320,  7.372420 
  0.138894,  1.053116,  0.684351,  0.411631,  0.216798,  1.850646,  7.318441 
  0.133050,  0.727190,  0.623151,  0.401835,  0.221723,  2.745616,  7.432627 
  0.136616,  1.309906,  0.671679,  0.392039,  0.177393,  1.998575,  7.476226 
  0.129226,  0.974104,  0.645759,  0.374371,  0.253740,  1.932007,  7.069306 
  0.137820,  0.605379,  0.647919,  0.379269,  0.298838,  2.375794,  6.977956 
  0.133265,  1.168342,  0.694719,  0.360552,  0.335780,  2.309226,  7.135742 
  0.135671,  0.951058,  0.614799,  0.405858,  0.296375,  1.621356,  6.950967 
  0.131374,  0.793034,  0.681039,  0.418103,  0.151070,  1.554788,  7.108752 
  0.139968,  1.355997,  0.628105,  0.399311,  0.104276,  2.078798,  7.006533 
  0.132126,  1.104328,  0.656905,  0.393188,  0.116590,  2.234123,  7.180928 
  0.136079,  0.709266,  0.688585,  0.372372,  0.056811,  2.552171,  6.908956 
  0.130236,  1.272229,  0.618745,  0.380419,  0.211968,  2.574360,  7.207917 
  0.138056,  1.025315,  0.664825,  0.366949,  0.224282,  1.738561,  7.328333 
  0.134275,  0.666468,  0.639625,  0.403334,  0.179952,  1.797733,  7.274353 
  0.135134,  1.160295,  0.651865,  0.419252,  0.248910,  2.692703,  7.407225 
  0.130450,  0.923258,  0.689881,  0.398436,  0.312943,  2.004833,  7.247364 
  0.139044,  0.854122,  0.627961,  0.391789,  0.344960,  1.938265,  7.361551 
  0.132685,  1.315027,  0.678361,  0.370972,  0.292345,  2.371811,  7.307571 
  0.137154,  1.077990,  0.633721,  0.377445,  0.147039,  2.305243,  7.440443 
  0.129505,  0.771817,  0.654601,  0.367649,  0.107635,  1.691338,  7.471585 
  0.137583,  1.236015,  0.699241,  0.409282,  0.112560,  1.580391,  7.064665 
  0.133802,  0.998978,  0.610393,  0.417328,  0.068230,  2.127728,  6.985772 
  0.135193,  0.632448,  0.667993,  0.396512,  0.198758,  2.186900,  7.143558 
  0.131412,  1.215164,  0.638473,  0.390389,  0.218013,  2.504947,  6.936922 
  0.139490,  0.879362,  0.662233,  0.371672,  0.173683,  2.586308,  7.111317 
  0.131842,  0.820103,  0.683113,  0.383917,  0.250030,  1.750509,  7.024119 
  0.136310,  1.379774,  0.621913,  0.364975,  0.314063,  1.792612,  7.156991 
  0.129951,  1.073601,  0.673753,  0.410281,  0.348542,  2.687583,  6.905780 
  0.138545,  0.747675,  0.642649,  0.415179,  0.279583,  2.073677,  7.204742 
  0.133861,  1.300761,  0.649129,  0.397511,  0.153980,  1.962731,  7.337614 
  0.134720,  0.961667,  0.695929,  0.387716,  0.104052,  2.413914,  7.283635 
  0.130939,  0.625864,  0.615289,  0.368998,  0.116366,  2.339949,  7.397822 
  0.138759,  1.188827,  0.679369,  0.384917,  0.072036,  1.637287,  7.237960 
  0.132916,  0.941913,  0.630409,  0.364100,  0.195176,  1.585512,  7.370832 
  0.136869,  0.779499,  0.659209,  0.408882,  0.232118,  2.132849,  7.316853 
  0.129027,  1.342462,  0.686137,  0.413780,  0.182862,  2.173595,  7.437268 
  0.137621,  1.125178,  0.620617,  0.394538,  0.246000,  2.491642,  7.480867 
  0.133324,  0.700487,  0.665977,  0.388415,  0.310033,  2.646968,  7.073946 
  0.135730,  1.263450,  0.640777,  0.374946,  0.351900,  1.766790,  6.970995 
  0.131176,  1.023121,  0.650857,  0.382992,  0.275553,  1.833358,  7.145389 
  0.139769,  0.687318,  0.691897,  0.362176,  0.159801,  2.720932,  6.952310 
  0.132379,  1.151516,  0.624406,  0.407482,  0.090843,  2.018270,  7.085182 
  0.135945,  0.914479,  0.674806,  0.414479,  0.109426,  1.966494,  7.031203 
  0.130101,  0.842051,  0.634486,  0.401010,  0.065095,  2.417678,  7.151618 
  0.138179,  1.335878,  0.654646,  0.385731,  0.195624,  2.333472,  6.912864 
  0.134398,  1.098841,  0.697126,  0.375935,  0.232566,  1.630809,  7.211825 
  0.135000,  0.763038,  0.612166,  0.380833,  0.185773,  1.519863,  7.326012 
  0.130703,  1.222358,  0.669766,  0.363165,  0.257194,  2.155957,  7.272033 
  0.139297,  0.985321,  0.635782,  0.404798,  0.316302,  2.222525,  7.404905 
  0.132454,  0.649519,  0.663862,  0.411795,  0.347647,  2.533176,  7.245043 
  0.136923,  1.202605,  0.684022,  0.401999,  0.278688,  2.599744,  7.365459 
  0.129532,  0.873387,  0.622822,  0.392203,  0.162936,  1.778738,  7.311479 
  0.137352,  0.814128,  0.672502,  0.374535,  0.086589,  1.845306,  7.444351 
  0.133571,  1.396844,  0.645142,  0.379433,  0.123531,  2.715812,  7.466090 
  0.135462,  1.061042,  0.646294,  0.360191,  0.074275,  2.013149,  7.075778 
  0.131680,  0.735116,  0.693094,  0.405497,  0.191594,  1.902202,  6.988581 
  0.139372,  1.284910,  0.616774,  0.417742,  0.228536,  2.442143,  7.121453 
  0.131981,  0.978737,  0.680134,  0.400075,  0.189131,  2.279421,  6.961591 
  0.136450,  0.613305,  0.629014,  0.393952,  0.260553,  1.665516,  7.082007 
  0.129833,  1.176268,  0.657814,  0.373136,  0.322123,  1.524983,  7.028027 
  0.138426,  0.928257,  0.688054,  0.380133,  0.334437,  2.161078,  7.160899 
  0.134130,  0.799862,  0.617350,  0.366664,  0.272419,  2.227646,  6.903460 
  0.134538,  1.362825,  0.667030,  0.402973,  0.156667,  2.528056,  7.202422 
  0.130757,  1.115911,  0.641830,  0.418892,  0.087708,  2.594624,  7.335294 
  0.138835,  0.697804,  0.651190,  0.398075,  0.124650,  1.714446,  7.281315 
  0.132991,  1.260767,  0.690070,  0.391428,  0.077857,  1.869772,  7.401730 
  0.136686,  1.043483,  0.626710,  0.370612,  0.203460,  2.668588,  7.241868 
  0.129296,  0.678051,  0.677110,  0.377609,  0.235477,  2.054683,  7.374740 
  0.137889,  1.138957,  0.632038,  0.367813,  0.184653,  1.914150,  7.320761 
  0.133206,  0.901920,  0.656518,  0.409446,  0.256075,  2.454091,  7.430307 
  0.135612,  0.862413,  0.698278,  0.417492,  0.325033,  2.270887,  7.482210 
  0.131315,  1.326611,  0.611158,  0.396676,  0.329959,  1.656981,  7.050376 
  0.139909,  1.089574,  0.668758,  0.390554,  0.285629,  1.590413,  6.996397 
  0.132260,  0.749382,  0.637798,  0.371312,  0.145248,  2.093372,  7.116812 
  0.136214,  1.243209,  0.660521,  0.383557,  0.082274,  2.248697,  6.956951 
  0.130370,  1.006172,  0.685001,  0.365889,  0.119216,  2.470591,  7.089823 
  0.137940,  0.640740,  0.623801,  0.411195,  0.079811,  2.625916,  7.035843 
  0.134159,  1.200411,  0.672761,  0.416093,  0.205414,  1.716153,  7.150030 
  0.135019,  0.894238,  0.643241,  0.397376,  0.239894,  1.871479,  6.911276 
  0.130464,  0.834979,  0.648281,  0.387580,  0.170935,  2.660054,  7.210238 
  0.139058,  1.388065,  0.695081,  0.368638,  0.262059,  2.046149,  7.330653 
  0.132698,  1.048970,  0.614297,  0.384556,  0.320495,  1.979580,  7.276674 
  0.137167,  0.723044,  0.681977,  0.363740,  0.332809,  2.386385,  7.409546 
  0.129390,  1.305760,  0.630137,  0.408521,  0.288478,  2.319817,  7.249684 
  0.137468,  0.969958,  0.658937,  0.413419,  0.140709,  1.609758,  7.360696 
  0.133687,  0.600868,  0.687017,  0.394702,  0.096379,  1.543190,  7.323326 
  0.135319,  1.163831,  0.620057,  0.388579,  0.128395,  2.105320,  7.447893 
  0.131538,  0.946547,  0.664409,  0.375110,  0.075781,  2.260646,  7.491492 
  0.139616,  0.788522,  0.639209,  0.383157,  0.201384,  2.465470,  7.047201 
  0.131774,  1.351485,  0.652889,  0.362340,  0.243252,  2.620796,  6.993222 
  0.136243,  1.111156,  0.691049,  0.407646,  0.166905,  1.784997,  7.126094 
  0.129884,  0.716094,  0.625529,  0.414119,  0.267880,  1.807186,  6.966232 
  0.138478,  1.279057,  0.675929,  0.400649,  0.307285,  2.702157,  7.080419 
  0.133923,  1.032144,  0.634169,  0.386655,  0.326540,  1.992098,  7.026440 
  0.134782,  0.663419,  0.653465,  0.376859,  0.282209,  1.925529,  7.159312 
  0.131001,  1.157246,  0.699545,  0.381757,  0.141829,  2.391506,  6.908101 
  0.138692,  0.920209,  0.611705,  0.363040,  0.097498,  2.324938,  7.207063 
  0.132849,  0.851074,  0.669305,  0.404673,  0.131978,  1.597241,  7.339935 
  0.136802,  1.314174,  0.636185,  0.411595,  0.063019,  1.530673,  7.285955 
  0.129153,  1.077137,  0.662825,  0.401799,  0.208325,  2.166768,  7.394216 
  0.137747,  0.770964,  0.682553,  0.392003,  0.239670,  2.188957,  7.250963 
  0.133450,  1.235161,  0.621353,  0.374335,  0.170711,  2.507004,  7.375530 
  0.135856,  0.998124,  0.674633,  0.379233,  0.271686,  2.566176,  7.296638 
  0.131076,  0.639277,  0.644393,  0.360516,  0.303703,  1.730377,  7.454423 
  0.139670,  1.221993,  0.647273,  0.405822,  0.340645,  1.811738,  7.485565 
  0.132279,  0.886190,  0.694073,  0.418067,  0.291389,  2.706708,  7.053731 
  0.135975,  0.826931,  0.616313,  0.400400,  0.137799,  1.986408,  6.999752 
  0.130131,  1.376725,  0.678463,  0.394277,  0.093468,  1.919840,  7.113939 
  0.138209,  1.070552,  0.630943,  0.373461,  0.135336,  2.459781,  6.954077 
  0.134428,  0.744626,  0.659743,  0.379933,  0.058989,  2.348834,  7.086949 
  0.134900,  1.297713,  0.687103,  0.366464,  0.214146,  1.646171,  7.032970 
  0.130603,  0.957521,  0.617983,  0.403898,  0.226460,  1.572207,  7.153385 
  0.139197,  0.621718,  0.666223,  0.419816,  0.163770,  2.119544,  6.914631 
  0.132580,  1.184681,  0.641023,  0.399000,  0.264746,  2.200905,  7.213593 
  0.137049,  0.937768,  0.650239,  0.391303,  0.304150,  2.518952,  7.325581 
  0.129658,  0.786327,  0.692719,  0.370487,  0.341093,  2.561055,  7.288211 
  0.137285,  1.349290,  0.626479,  0.377184,  0.294299,  1.725256,  7.412779 
  0.133504,  1.132006,  0.676879,  0.367388,  0.148993,  1.880582,  7.228003 
  0.135395,  0.707315,  0.632959,  0.409021,  0.099737,  2.731174,  7.385789 
  0.131613,  1.270278,  0.655999,  0.417068,  0.131082,  2.028511,  7.294439 
  0.139434,  1.020072,  0.696751,  0.396251,  0.062123,  1.954546,  7.452225 
  0.132043,  0.684270,  0.613231,  0.390129,  0.217280,  2.405730,  7.495823 
  0.136512,  1.148467,  0.670831,  0.371412,  0.222206,  2.353955,  7.045304 
  0.129766,  0.911430,  0.636991,  0.383656,  0.177875,  1.651292,  6.991325 
  0.138359,  0.837539,  0.661471,  0.365989,  0.254223,  1.561397,  7.124197 
  0.134062,  1.331366,  0.684511,  0.411295,  0.300120,  2.108734,  6.964336 
  0.134664,  1.094329,  0.623311,  0.416193,  0.337063,  2.264059,  7.084751 
  0.130883,  0.758527,  0.671407,  0.396951,  0.297658,  2.537728,  7.030772 
  0.138961,  1.229309,  0.645487,  0.387155,  0.152352,  2.604296,  7.163644 
  0.133117,  0.992272,  0.647647,  0.369487,  0.105558,  1.761101,  6.901075 
  0.136571,  0.656469,  0.694447,  0.385406,  0.117872,  1.827669,  7.216646 
  0.129180,  1.209556,  0.614527,  0.364589,  0.055854,  2.737432,  7.341213 
  0.137774,  0.870461,  0.680767,  0.408321,  0.211011,  2.034769,  7.262321 
  0.133219,  0.811202,  0.628495,  0.413219,  0.223326,  1.950564,  7.420106 
  0.135625,  1.393918,  0.657295,  0.394427,  0.178995,  2.401747,  7.222874 
  0.131329,  1.058115,  0.688975,  0.388305,  0.247954,  2.290800,  7.380660 
  0.139922,  0.732189,  0.619135,  0.374835,  0.311987,  1.676895,  7.301767 
  0.132145,  1.284178,  0.665215,  0.382882,  0.344003,  1.514173,  7.459552 
  0.136098,  0.978005,  0.640015,  0.362065,  0.293180,  2.150268,  7.484466 
  0.130254,  0.612573,  0.652255,  0.407372,  0.147874,  2.216836,  7.052632 
  0.138075,  1.175536,  0.689234,  0.414369,  0.108469,  2.549676,  6.998653 
  0.134293,  0.935207,  0.627314,  0.400899,  0.113395,  2.616244,  7.119068 
  0.135153,  0.806812,  0.677714,  0.386905,  0.069064,  1.755980,  6.959206 
  0.130405,  1.369775,  0.633074,  0.377109,  0.199593,  1.822548,  7.092078 
  0.138999,  1.122861,  0.653954,  0.382007,  0.217647,  2.673140,  7.038099 
  0.132639,  0.694878,  0.698594,  0.362765,  0.173316,  2.059235,  7.147645 
  0.137108,  1.257841,  0.610610,  0.404398,  0.249663,  1.896513,  6.917195 
  0.129459,  1.040557,  0.668210,  0.412444,  0.313696,  2.436453,  7.191244 
  0.137538,  0.675125,  0.638690,  0.402649,  0.348176,  2.295921,  7.349029 
  0.133756,  1.134933,  0.662450,  0.392853,  0.279217,  1.682016,  7.257680 
  0.135260,  0.897896,  0.683330,  0.374135,  0.153614,  1.500343,  7.415465 
  0.131479,  0.858390,  0.622130,  0.379033,  0.103686,  2.136438,  7.230690 
  0.139557,  1.322587,  0.673970,  0.360091,  0.116000,  2.203006,  7.388476 
  0.131909,  1.085550,  0.642722,  0.405397,  0.071669,  2.476674,  7.290898 
  0.136377,  0.756332,  0.649202,  0.417642,  0.194810,  2.632000,  7.448683 
  0.130018,  1.250159,  0.696002,  0.399975,  0.231752,  1.700047,  7.492282 
  0.138612,  1.013122,  0.615362,  0.393852,  0.182496,  1.855373,  7.047991 
  0.133832,  0.647690,  0.679442,  0.373036,  0.245633,  2.676379,  6.994012 
  0.134691,  1.197484,  0.630482,  0.380033,  0.309666,  2.062473,  7.126884 
  0.130910,  0.891311,  0.659282,  0.366564,  0.351534,  1.889510,  6.967022 
  0.138730,  0.832052,  0.685778,  0.403998,  0.275187,  2.429451,  7.078034 
  0.132886,  1.385139,  0.620258,  0.419916,  0.159435,  2.362883,  7.040664 
  0.136839,  1.044540,  0.665618,  0.399100,  0.090476,  1.615841,  7.165231 
  0.129062,  0.718614,  0.640418,  0.390878,  0.109731,  1.549273,  6.926477 
  0.137656,  1.301330,  0.650498,  0.370062,  0.065400,  2.089214,  7.188069 
  0.133359,  0.965528,  0.691538,  0.378109,  0.195929,  2.244540,  7.345854 
  0.135765,  0.606680,  0.624866,  0.368313,  0.232871,  2.488623,  7.266961 
  0.131210,  1.169643,  0.675266,  0.409946,  0.186078,  2.643948,  7.424747 
  0.139804,  0.952359,  0.634946,  0.416943,  0.257500,  1.694927,  7.221287 
  0.132414,  0.794334,  0.655106,  0.396126,  0.316607,  1.850252,  7.379072 
  0.135916,  1.357297,  0.697586,  0.390004,  0.347952,  2.745222,  7.300179 
  0.130072,  1.107092,  0.612626,  0.371030,  0.278993,  1.998181,  7.457965 
  0.138150,  0.712030,  0.670226,  0.383275,  0.163241,  1.931613,  7.489107 
  0.134369,  1.274993,  0.635292,  0.365607,  0.086894,  2.375400,  7.057273 
  0.134970,  1.028079,  0.663372,  0.410913,  0.123836,  2.308832,  7.003293 
  0.130673,  0.661550,  0.683532,  0.415811,  0.074580,  1.620962,  7.112107 
  0.139267,  1.155377,  0.622332,  0.397094,  0.191899,  1.554394,  6.968854 
  0.132521,  0.918340,  0.672012,  0.387298,  0.228841,  2.084094,  7.093422 
  0.136990,  0.849204,  0.644652,  0.369630,  0.189436,  2.239419,  7.014529 
  0.129599,  1.319986,  0.646668,  0.385549,  0.260858,  2.557466,  7.172314 
  0.137419,  1.082949,  0.693468,  0.364732,  0.322428,  2.579656,  6.921103 
  0.133638,  0.776776,  0.617148,  0.407939,  0.334742,  1.743857,  7.195152 
  0.135529,  1.240974,  0.680508,  0.412837,  0.272053,  1.803029,  7.352937 
  0.131748,  1.003936,  0.629388,  0.395170,  0.156300,  2.697999,  7.255359 
  0.139314,  0.635212,  0.658188,  0.389047,  0.087342,  2.010129,  7.413145 
  0.131923,  1.217928,  0.688428,  0.375578,  0.124284,  1.943561,  7.228370 
  0.136392,  0.882126,  0.617580,  0.382575,  0.077491,  2.366866,  7.386155 
  0.129775,  0.822867,  0.667260,  0.361758,  0.203094,  2.300298,  7.294806 
  0.138369,  1.371563,  0.642060,  0.407065,  0.235110,  1.686392,  7.452591 
  0.134072,  1.065391,  0.651420,  0.413987,  0.185182,  1.575445,  7.496190 
  0.134545,  0.739465,  0.690300,  0.400517,  0.256604,  2.122783,  7.042496 
  0.130763,  1.292551,  0.626940,  0.386523,  0.325563,  2.181954,  7.005125 
  0.138841,  0.963333,  0.677340,  0.376727,  0.330488,  2.500002,  7.129693 
  0.132998,  0.627530,  0.631836,  0.381625,  0.286158,  2.581363,  6.944918 
  0.136693,  1.190493,  0.656316,  0.362908,  0.145778,  1.745564,  7.102703 
  0.129302,  0.943580,  0.698076,  0.404541,  0.083312,  1.794494,  7.011354 
  0.137896,  0.782263,  0.610956,  0.412587,  0.120254,  2.689465,  7.169139 
  0.133148,  1.345226,  0.668556,  0.402791,  0.080849,  2.075559,  6.930385 
  0.135554,  1.127942,  0.637596,  0.392995,  0.206452,  1.964612,  7.185748 
  0.131257,  0.703251,  0.660924,  0.373753,  0.240932,  2.415796,  7.343534 
  0.139851,  1.266214,  0.685404,  0.378651,  0.171973,  2.341831,  7.264641 
  0.132203,  1.015642,  0.624204,  0.360984,  0.263097,  1.639169,  7.422426 
  0.136156,  0.679840,  0.673164,  0.406290,  0.319294,  1.587394,  7.225195 
  0.130312,  1.144037,  0.643644,  0.418535,  0.331608,  2.134731,  7.382980 
  0.138004,  0.907000,  0.648684,  0.399818,  0.287277,  2.176834,  7.304087 
  0.134222,  0.844449,  0.695484,  0.393695,  0.139509,  2.494881,  7.461873 
  0.135082,  1.338276,  0.613629,  0.372879,  0.095178,  2.650206,  7.498754 
  0.130527,  1.101239,  0.681309,  0.379651,  0.127195,  1.770029,  7.058616 
  0.139121,  0.765436,  0.629469,  0.366182,  0.076371,  1.836597,  6.979723 
  0.132761,  1.226342,  0.658269,  0.403616,  0.201974,  2.724171,  7.137509 
  0.137230,  0.989305,  0.686349,  0.419534,  0.243842,  2.021508,  6.940277 
  0.129356,  0.653502,  0.619389,  0.398718,  0.167495,  1.969733,  7.098062 
  0.137434,  1.206589,  0.664605,  0.391021,  0.268470,  2.420917,  7.019170 
  0.133653,  0.869689,  0.639405,  0.370205,  0.307875,  2.329314,  7.176955 
  0.135286,  0.810429,  0.653085,  0.378252,  0.325970,  1.626652,  6.919516 
  0.131504,  1.393145,  0.691245,  0.368456,  0.281639,  1.515705,  7.193564 
  0.139583,  1.057343,  0.625725,  0.410088,  0.141259,  2.151800,  7.351350 
  0.131805,  0.731417,  0.676125,  0.416561,  0.096928,  2.218368,  7.260000 
  0.136274,  1.291088,  0.634365,  0.395744,  0.131408,  2.529019,  7.417786 
