       cb1,       sig,       cb2,       kar,       cw2,       cw3,       cv1,         X,         Y 
  0.136638,  1.334102,  0.643884,  0.409512,  0.062453,  2.687060,  7.229362,  1.106006,  0.001201 
  0.139363,  0.607181,  0.622094,  0.419801,  0.292349,  1.547262,  7.310152,  1.106006,  0.001201 
  0.139336,  0.695487,  0.685783,  0.405353,  0.352571,  2.720541,  6.912336,  1.106006,  0.001201 
  0.138418,  1.357798,  0.695765,  0.377168,  0.068234,  2.641937,  6.982124,  1.106006,  0.001201 
  0.131840,  1.386113,  0.680985,  0.361104,  0.247199,  1.513782,  7.113476,  1.106006,  0.001201 
  0.132855,  1.330756,  0.648354,  0.415531,  0.126481,  2.724305,  7.175638,  1.106006,  0.001201 
  0.130532,  0.770963,  0.651098,  0.362417,  0.121270,  1.503715,  7.320471,  1.106006,  0.001201 
  0.131468,  0.623601,  0.671411,  0.396282,  0.336674,  1.555184,  7.213364,  1.106006,  0.001201 
  0.129143,  0.930505,  0.685005,  0.367780,  0.083580,  1.560874,  6.933698,  1.106006,  0.001201 
  0.137183,  0.963833,  0.672149,  0.362050,  0.065099,  1.577986,  7.181920,  1.106006,  0.001201 
  0.136523,  1.369774,  0.678717,  0.408291,  0.100367,  2.581890,  7.153648,  1.106006,  0.001201 
  0.129512,  1.251134,  0.623673,  0.404136,  0.106005,  2.737041,  7.378243,  1.106006,  0.001201 
  0.129919,  0.621718,  0.624026,  0.374263,  0.075596,  1.611817,  7.330363,  1.106006,  0.001201 
  0.139498,  1.394378,  0.655819,  0.368622,  0.137518,  2.740936,  7.470624,  1.106006,  0.001201 
  0.136412,  1.399336,  0.615488,  0.381506,  0.313700,  1.565819,  7.215562,  1.106006,  0.001201 
  0.137374,  0.661034,  0.642646,  0.417359,  0.349259,  1.720970,  7.425495,  1.106006,  0.001201 
  0.139411,  1.378513,  0.631537,  0.403385,  0.175879,  1.504065,  7.393501,  1.106006,  0.001201 
  0.139840,  1.389040,  0.622336,  0.396082,  0.072930,  2.441751,  7.158418,  1.106006,  0.001201 
  0.130209,  1.396654,  0.666780,  0.397892,  0.092902,  2.491907,  7.102230,  1.106006,  0.001201 
  0.139107,  1.363407,  0.669937,  0.399322,  0.232082,  1.524215,  7.220268,  1.106006,  0.001201 
  0.136890,  0.646768,  0.688582,  0.374402,  0.117978,  1.525248,  7.260993,  1.106006,  0.001201 
  0.134248,  0.734925,  0.649932,  0.368854,  0.058423,  1.767055,  7.168666,  1.106006,  0.001201 
  0.131442,  0.712029,  0.619303,  0.419886,  0.315751,  2.717652,  6.998427,  1.106006,  0.001201 
  0.138124,  1.380233,  0.618846,  0.416490,  0.129987,  2.502253,  7.263256,  1.106006,  0.001201 
  0.129950,  0.719995,  0.657081,  0.418655,  0.343249,  2.216444,  7.094791,  1.106006,  0.001201 
  0.135290,  1.376724,  0.611354,  0.363117,  0.332176,  2.679751,  7.089532,  1.106006,  0.001201 
  0.130748,  1.275493,  0.630245,  0.417052,  0.173687,  2.744349,  7.100463,  1.106006,  0.001201 
  0.135406,  0.612573,  0.644445,  0.387125,  0.304780,  1.575973,  7.114202,  1.106006,  0.001201 
  0.138200,  1.290328,  0.643464,  0.370046,  0.256079,  1.517458,  7.436063,  1.106006,  0.001201 
  0.129337,  0.650101,  0.659569,  0.386103,  0.068865,  1.517956,  7.492729,  1.106006,  0.001201 
  0.134719,  0.608061,  0.665001,  0.372474,  0.108610,  1.755589,  6.922473,  1.106006,  0.001201 
  0.137059,  1.238046,  0.674161,  0.418603,  0.150193,  2.674980,  6.927472,  1.106006,  0.001201 
  0.130666,  1.138956,  0.679236,  0.400227,  0.065969,  2.730388,  7.479355,  1.106006,  0.001201 
  0.132316,  1.185656,  0.658261,  0.406278,  0.077123,  2.620404,  7.030187,  1.106006,  0.001201 
  0.139219,  0.752362,  0.639213,  0.384512,  0.076864,  1.513650,  6.950307,  1.106006,  0.001201 
  0.132781,  0.639818,  0.646275,  0.409819,  0.347956,  2.432167,  7.301294,  1.106006,  0.001201 
  0.132226,  0.781260,  0.663866,  0.414435,  0.316204,  1.534702,  7.434288,  1.106006,  0.001201 
  0.137506,  1.329496,  0.668459,  0.365559,  0.074965,  2.513965,  7.421834,  1.106006,  0.001201 
  0.139051,  1.323562,  0.637353,  0.376547,  0.337509,  2.603904,  7.266132,  1.106006,  0.001201 
  0.132368,  1.304107,  0.678358,  0.372403,  0.343437,  2.663164,  7.066326,  1.106006,  0.001201 
  0.139891,  1.182445,  0.687927,  0.419611,  0.121311,  2.568585,  7.497063,  1.106006,  0.001201 
  0.130710,  0.648150,  0.677966,  0.360500,  0.104280,  2.636816,  7.012289,  1.106006,  0.001201 
  0.134093,  0.899602,  0.691543,  0.379989,  0.065989,  1.630418,  7.250744,  1.106006,  0.001201 
  0.139511,  1.040001,  0.684348,  0.414635,  0.062229,  2.533441,  7.059609,  1.106006,  0.001201 
  0.136397,  0.834978,  0.634884,  0.367740,  0.072909,  1.766005,  7.273697,  1.106006,  0.001201 
  0.134360,  0.686030,  0.633344,  0.364538,  0.178999,  1.569802,  7.252933,  1.106006,  0.001201 
  0.130141,  0.668499,  0.699851,  0.412131,  0.213330,  1.509186,  7.066573,  1.106006,  0.001201 
  0.130902,  0.814127,  0.627424,  0.407474,  0.349701,  2.565390,  7.065847,  1.106006,  0.001201 
  0.139182,  0.662782,  0.648394,  0.362188,  0.204685,  1.807845,  7.263622,  1.106006,  0.001201 
  0.138332,  0.606408,  0.682557,  0.386611,  0.208960,  1.681493,  7.441249,  1.106006,  0.001201 
  0.129958,  1.284638,  0.670622,  0.408505,  0.058708,  2.398423,  7.142596,  1.106006,  0.001201 
  0.130007,  1.343491,  0.614531,  0.366020,  0.117484,  2.574756,  7.246582,  1.106006,  0.001201 
  0.135719,  1.384217,  0.651862,  0.418134,  0.178429,  2.589199,  7.288471,  1.106006,  0.001201 
  0.130822,  1.059456,  0.615925,  0.415631,  0.059659,  1.571815,  7.258316,  1.106006,  0.001201 
  0.136951,  0.614822,  0.649207,  0.412475,  0.070019,  2.133245,  6.997457,  1.106006,  0.001201 
  0.129531,  0.820834,  0.630815,  0.369250,  0.160777,  1.549407,  7.421231,  1.106006,  0.001201 
  0.133124,  0.632448,  0.618172,  0.380410,  0.100733,  1.590941,  7.100653,  1.106006,  0.001201 
  0.137718,  0.684269,  0.686522,  0.366391,  0.098657,  2.000984,  6.992931,  1.106006,  0.001201 
  0.137556,  1.369219,  0.613068,  0.375326,  0.294405,  1.631074,  7.382507,  1.106006,  0.001201 
  0.138101,  0.761656,  0.645793,  0.364301,  0.198492,  2.747588,  7.478134,  1.106006,  0.001201 
