VARIABLES = "X", "Y", "obj_func", "sens_cb1", sens_sig", "sens_cb2","sens_kar", "sens_cw2", sens_cw3", "sens_cv1", "sens_x", "sens_y"
9.769438E-01      2.370287E-03      1.192906E+00      -3.637920E+00     -4.524257E-01     -2.584625E-02     -3.488509E+00     -2.457036E-01     8.256635E-02      3.034454E-03      -4.931979E-01     -3.694834E+00     
9.769438E-01      2.370287E-03      8.866426E-01      -4.981770E+00     -2.108430E-01     -5.578382E-02     -3.254047E+00     -2.194108E-01     6.299995E-02      -8.552391E-03     -7.345322E-01     -5.953100E+00     
9.769438E-01      2.370287E-03      1.006956E+00      -4.662054E+00     -3.426537E-01     -3.238884E-02     -2.923442E+00     -1.847201E-01     3.899558E-02      -2.520998E-03     -6.083067E-01     -5.097422E+00     
9.769438E-01      2.370287E-03      9.969185E-01      -4.601345E+00     -3.966009E-01     -2.930944E-02     -2.971088E+00     -2.131009E-01     9.845212E-02      -2.410152E-03     -7.492353E-01     -3.576367E+00     
9.769438E-01      2.370287E-03      9.131175E-01      -4.487860E+00     -1.802950E-01     -4.041622E-02     -3.295842E+00     -1.696572E-01     1.146991E-01      -4.565286E-03     -7.711384E-01     -4.655669E+00     
9.769438E-01      2.370287E-03      1.100574E+00      -4.215123E+00     -2.677976E-01     -1.854949E-02     -3.595303E+00     5.053982E-02      2.236306E-02      -7.455981E-04     -5.842890E-01     -5.579596E+00     
9.769438E-01      2.370287E-03      1.119956E+00      -3.878795E+00     -4.272957E-01     -2.008339E-02     -3.042140E+00     -2.278547E-01     9.032920E-02      2.217476E-03      -5.242268E-01     -3.057175E+00     
9.769438E-01      2.370287E-03      9.766203E-01      -4.350774E+00     -1.810966E-01     -4.629994E-02     -3.838357E+00     -2.108838E-01     1.237649E-01      -4.967728E-03     -7.555168E-01     -5.198012E+00     
9.769438E-01      2.370287E-03      9.715406E-01      -4.852120E+00     -3.071583E-01     -3.944761E-02     -3.118578E+00     -2.164449E-01     6.134124E-02      -4.573115E-03     -6.936984E-01     -5.324377E+00     
9.769438E-01      2.370287E-03      1.089976E+00      -4.275442E+00     -5.604164E-01     -3.493356E-02     -2.806349E+00     -2.684379E-01     6.058928E-02      1.189014E-03      -5.348520E-01     -3.708810E+00     
9.769438E-01      2.370287E-03      8.719823E-01      -4.799500E+00     -2.328687E-01     -5.293227E-02     -3.083867E+00     -2.545678E-01     1.359578E-01      -6.718047E-03     -8.499002E-01     -3.809699E+00     
9.769438E-01      2.370287E-03      8.935370E-01      -4.871611E+00     -3.149419E-01     -5.909556E-02     -3.186209E+00     -2.799739E-01     1.399722E-01      -6.814511E-03     -9.020196E-01     -3.564636E+00     
9.769438E-01      2.370287E-03      1.111352E+00      -4.058510E+00     -3.709407E-01     -2.950268E-02     -3.386604E+00     -2.364279E-01     8.758935E-02      2.018717E-04      -5.796663E-01     -4.096377E+00     
9.769438E-01      2.370287E-03      9.489310E-01      -4.444878E+00     -1.740636E-01     -4.137457E-02     -3.571314E+00     -1.641615E-01     8.881039E-02      -6.285078E-03     -7.191592E-01     -5.541094E+00     
9.769438E-01      2.370287E-03      1.132875E+00      -3.726383E+00     -2.302095E-01     -1.327989E-02     -3.622364E+00     -6.751383E-03     4.312556E-02      9.673496E-04      -5.239982E-01     -4.928746E+00     
9.769438E-01      2.370287E-03      1.079214E+00      -4.300425E+00     -4.563032E-01     -2.273767E-02     -2.930017E+00     -1.667771E-01     4.060166E-02      2.268109E-04      -5.671503E-01     -4.514574E+00     
9.769438E-01      2.370287E-03      8.453050E-01      -4.851826E+00     -2.195905E-01     -4.013381E-02     -2.825051E+00     -1.689015E-01     1.031297E-01      -6.139126E-03     -8.442634E-01     -4.288666E+00     
9.769438E-01      2.370287E-03      9.217436E-01      -4.719316E+00     -2.838464E-01     -4.196650E-02     -3.020352E+00     -2.374278E-01     1.076179E-01      -5.394055E-03     -7.883205E-01     -4.155004E+00     
9.769438E-01      2.370287E-03      1.175533E+00      -3.815623E+00     -4.579215E-01     -1.860123E-02     -3.211047E+00     -2.100197E-01     4.013114E-02      3.028676E-03      -4.674511E-01     -4.317615E+00     
9.769438E-01      2.370287E-03      9.751765E-01      -4.492865E+00     -2.265046E-01     -4.430792E-02     -3.605393E+00     -2.061964E-01     1.071556E-01      -4.511137E-03     -7.543289E-01     -5.098749E+00     
9.769438E-01      2.370287E-03      1.029015E+00      -4.386982E+00     -3.155097E-01     -3.644591E-02     -3.311664E+00     -2.441535E-01     1.076255E-01      -2.188172E-03     -6.810527E-01     -4.033333E+00     
9.769438E-01      2.370287E-03      1.131304E+00      -4.180688E+00     -3.247346E-01     -3.772666E-02     -3.834974E+00     -2.256618E-01     7.254328E-02      -6.467186E-04     -5.952472E-01     -5.178092E+00     
9.769438E-01      2.370287E-03      8.893415E-01      -4.845506E+00     -1.782558E-01     -5.627102E-02     -3.293954E+00     -2.228162E-01     7.936987E-02      -8.077552E-03     -7.190095E-01     -5.668521E+00     
9.769438E-01      2.370287E-03      8.184093E-01      -5.254718E+00     -2.749977E-01     -5.969289E-02     -2.978082E+00     -2.818285E-01     1.221364E-01      -8.659057E-03     -9.582385E-01     -4.366569E+00     
9.769438E-01      2.370287E-03      1.000074E+00      -4.407853E+00     -4.315662E-01     -3.046437E-02     -2.731107E+00     -2.568059E-01     1.168195E-01      -1.313870E-03     -6.830498E-01     -2.078771E+00     
9.769438E-01      2.370287E-03      9.510050E-01      -4.599904E+00     -2.166946E-01     -3.574961E-02     -3.302498E+00     -1.205584E-01     8.066205E-02      -4.293439E-03     -7.269942E-01     -5.198176E+00     
9.769438E-01      2.370287E-03      1.092060E+00      -4.046125E+00     -2.786723E-01     -2.187288E-02     -3.451043E+00     -1.489142E-01     7.963354E-02      4.215081E-04      -5.895230E-01     -4.511992E+00     
9.769438E-01      2.370287E-03      1.201727E+00      -3.605972E+00     -4.961685E-01     -6.653361E-03     -3.192388E+00     -7.834691E-02     4.244102E-02      4.476800E-03      -4.713321E-01     -3.918459E+00     
9.769438E-01      2.370287E-03      1.090719E+00      -4.054489E+00     -1.931558E-01     -2.795116E-02     -3.884001E+00     -1.382591E-01     4.982143E-02      -2.614768E-03     -5.804970E-01     -5.526892E+00     
9.769438E-01      2.370287E-03      9.289249E-01      -4.828710E+00     -3.570690E-01     -4.631995E-02     -2.910100E+00     -2.693612E-01     1.110268E-01      -4.930276E-03     -7.987271E-01     -3.628398E+00     
9.769438E-01      2.370287E-03      9.795290E-01      -4.529213E+00     -3.857572E-01     -3.082672E-02     -2.634395E+00     -2.473446E-01     8.880247E-02      -2.129698E-03     -6.478646E-01     -3.133893E+00     
9.769438E-01      2.370287E-03      8.977919E-01      -4.903896E+00     -1.684073E-01     -5.355990E-02     -3.473648E+00     -1.704994E-01     2.675087E-02      -8.921239E-03     -6.893324E-01     -6.350403E+00     
9.769438E-01      2.370287E-03      9.384212E-01      -4.707757E+00     -2.502607E-01     -5.096047E-02     -3.292312E+00     -2.448500E-01     1.014504E-01      -6.185103E-03     -7.500185E-01     -4.857699E+00     
9.769438E-01      2.370287E-03      1.090798E+00      -4.252196E+00     -4.083826E-01     -3.751971E-02     -3.431795E+00     -2.668481E-01     1.061814E-01      -9.386825E-04     -6.460804E-01     -3.847775E+00     
9.769438E-01      2.370287E-03      9.889491E-01      -4.298156E+00     -1.739156E-01     -4.406299E-02     -3.595335E+00     -1.879271E-01     7.712386E-02      -5.412034E-03     -6.356070E-01     -5.443611E+00     
9.769438E-01      2.370287E-03      1.096659E+00      -4.207734E+00     -2.924361E-01     -2.767754E-02     -3.713489E+00     -1.545607E-01     6.930231E-02      -1.557674E-03     -6.338885E-01     -5.246797E+00     
9.769438E-01      2.370287E-03      1.103620E+00      -3.722877E+00     -5.379319E-01     -1.167620E-02     -2.559283E+00     -2.129904E-01     1.005940E-01      2.749709E-03      -4.773324E-01     -1.067272E+00     
9.769438E-01      2.370287E-03      8.144562E-01      -5.072065E+00     -2.506255E-01     -4.597564E-02     -2.752005E+00     -2.373683E-01     1.171325E-01      -7.195262E-03     -9.301984E-01     -3.851973E+00     
9.769438E-01      2.370287E-03      1.031587E+00      -4.359806E+00     -3.250467E-01     -2.165332E-02     -2.995083E+00     -1.379521E-01     7.267359E-02      -7.135902E-04     -6.258313E-01     -4.132064E+00     
9.769438E-01      2.370287E-03      1.061871E+00      -4.404666E+00     -3.964220E-01     -3.384735E-02     -3.220750E+00     -2.288080E-01     7.219301E-02      -1.448123E-03     -6.342565E-01     -4.585500E+00     
9.769438E-01      2.370287E-03      1.016638E+00      -4.402689E+00     -1.673209E-01     -4.128017E-02     -3.865042E+00     -1.634955E-01     5.447168E-02      -4.627742E-03     -6.325344E-01     -5.891915E+00     
9.769438E-01      2.370287E-03      1.044193E+00      -4.407505E+00     -2.298860E-01     -3.339469E-02     -3.629041E+00     -1.364329E-01     4.030206E-02      -3.138223E-03     -6.174204E-01     -5.710606E+00     
9.769438E-01      2.370287E-03      1.140047E+00      -3.760537E+00     -4.308712E-01     -2.305278E-02     -3.245907E+00     -2.481121E-01     1.190502E-01      2.656490E-03      -5.372201E-01     -2.500489E+00     
9.769438E-01      2.370287E-03      7.850004E-01      -5.274927E+00     -2.034940E-01     -6.727734E-02     -3.199899E+00     -2.657490E-01     1.166284E-01      -1.062647E-02     -9.510026E-01     -5.448911E+00     
9.769438E-01      2.370287E-03      9.294208E-01      -5.001353E+00     -2.677764E-01     -5.581684E-02     -3.133652E+00     -2.322413E-01     3.596850E-02      -7.161528E-03     -6.664372E-01     -5.852330E+00     
9.769438E-01      2.370287E-03      1.056212E+00      -4.416934E+00     -4.741752E-01     -3.797709E-02     -3.061329E+00     -2.772881E-01     8.715964E-02      -1.417187E-03     -6.389560E-01     -3.753755E+00     
9.769438E-01      2.370287E-03      9.820074E-01      -4.312783E+00     -2.356653E-01     -3.113181E-02     -3.169288E+00     -1.816426E-01     9.933745E-02      -2.761872E-03     -6.763393E-01     -4.231095E+00     
9.769438E-01      2.370287E-03      1.113300E+00      -4.029394E+00     -3.152920E-01     -1.880256E-02     -3.496779E+00     -8.876459E-02     5.667878E-02      -8.761419E-05     -5.863904E-01     -4.877599E+00     
9.769438E-01      2.370287E-03      1.100656E+00      -4.092120E+00     -3.587931E-01     -1.916380E-02     -3.236185E+00     -1.649980E-01     6.720944E-02      5.265969E-04      -5.757440E-01     -4.321330E+00     
9.769438E-01      2.370287E-03      9.793017E-01      -4.074802E+00     -1.863883E-01     -3.279950E-02     -3.551152E+00     -1.436146E-01     1.308249E-01      -2.880412E-03     -7.407958E-01     -4.191578E+00     
9.769438E-01      2.370287E-03      8.572812E-01      -4.908692E+00     -2.723932E-01     -4.526885E-02     -2.771735E+00     -2.588026E-01     1.270825E-01      -6.049916E-03     -8.654459E-01     -3.133342E+00     
9.769438E-01      2.370287E-03      9.743072E-01      -4.805676E+00     -4.336414E-01     -4.452108E-02     -2.892132E+00     -2.721665E-01     7.473278E-02      -4.050164E-03     -7.114809E-01     -4.408029E+00     
9.769438E-01      2.370287E-03      9.439490E-01      -4.588293E+00     -2.102811E-01     -3.957994E-02     -3.243986E+00     -1.805412E-01     8.038770E-02      -5.115830E-03     -6.994948E-01     -5.193251E+00     
9.769438E-01      2.370287E-03      1.014055E+00      -4.694017E+00     -2.779749E-01     -4.392178E-02     -3.532221E+00     -2.204761E-01     5.715437E-02      -4.670656E-03     -6.658560E-01     -5.721145E+00     
9.769438E-01      2.370287E-03      1.222787E+00      -3.485468E+00     -4.336168E-01     -1.881185E-02     -3.453926E+00     -2.160610E-01     5.419575E-02      4.571169E-03      -4.343393E-01     -4.056196E+00     
9.769438E-01      2.370287E-03      8.736012E-01      -4.914271E+00     -2.144251E-01     -6.086846E-02     -3.487512E+00     -2.569517E-01     1.323476E-01      -7.810115E-03     -8.917347E-01     -5.017499E+00     
9.769438E-01      2.370287E-03      1.080800E+00      -4.086676E+00     -3.295844E-01     -3.427808E-02     -3.520653E+00     -2.401287E-01     1.221212E-01      -5.561722E-04     -6.534069E-01     -3.680215E+00     
9.769438E-01      2.370287E-03      1.046163E+00      -4.570233E+00     -3.938014E-01     -2.918645E-02     -2.996994E+00     -1.728482E-01     3.406281E-02      -1.446087E-03     -5.960658E-01     -5.109126E+00     
9.769438E-01      2.370287E-03      8.626355E-01      -4.832808E+00     -1.850505E-01     -4.053323E-02     -2.997555E+00     -1.455653E-01     8.312322E-02      -6.576749E-03     -7.739285E-01     -5.198910E+00     
9.769438E-01      2.370287E-03      9.420178E-01      -4.712115E+00     -2.773285E-01     -4.119830E-02     -3.195408E+00     -2.057927E-01     1.000441E-01      -4.428961E-03     -7.864107E-01     -4.639174E+00     
