       cb1,       sig,       cb2,       kar,       cw2,       cw3,       cv1,         X,         Y 
  0.136228,  1.346741,  0.683342,  0.408488,  0.076138,  2.738939,  7.048534,  1.058759,  0.001602 
  0.129808,  0.873724,  0.671182,  0.364795,  0.087740,  1.523366,  7.234344,  1.058759,  0.001602 
  0.138666,  0.758642,  0.672073,  0.360835,  0.067972,  1.686132,  7.004828,  1.058759,  0.001602 
  0.139485,  1.358853,  0.674336,  0.401750,  0.088530,  2.677081,  7.020733,  1.058759,  0.001602 
  0.131167,  0.714561,  0.618557,  0.360986,  0.124030,  1.540960,  7.145732,  1.058759,  0.001602 
  0.129556,  0.634451,  0.636845,  0.370207,  0.080595,  1.601838,  7.311822,  1.058759,  0.001602 
  0.139367,  0.680117,  0.656959,  0.364615,  0.142935,  1.580699,  6.937077,  1.058759,  0.001602 
  0.137187,  1.391531,  0.649056,  0.404118,  0.094029,  2.608893,  7.408789,  1.058759,  0.001602 
  0.131938,  1.362186,  0.623443,  0.414121,  0.120570,  2.669422,  7.418875,  1.058759,  0.001602 
  0.130587,  0.638759,  0.663781,  0.395482,  0.341124,  1.568314,  7.361476,  1.058759,  0.001602 
  0.139038,  0.732770,  0.681752,  0.409684,  0.348207,  2.673580,  7.244969,  1.058759,  0.001602 
  0.129022,  0.774493,  0.641504,  0.366414,  0.084276,  1.695629,  7.476381,  1.058759,  0.001602 
  0.139656,  1.366210,  0.697546,  0.372374,  0.341165,  2.593926,  7.459176,  1.058759,  0.001602 
  0.138108,  0.604496,  0.685415,  0.413261,  0.344991,  1.740987,  7.499298,  1.058759,  0.001602 
  0.136496,  0.671437,  0.680519,  0.370454,  0.130544,  1.546404,  7.453867,  1.058759,  0.001602 
  0.137415,  1.305875,  0.628389,  0.372480,  0.064451,  2.672923,  7.192563,  1.058759,  0.001602 
  0.132516,  1.388180,  0.694917,  0.418661,  0.143261,  2.616027,  7.037953,  1.058759,  0.001602 
  0.137129,  0.857222,  0.690902,  0.364735,  0.066083,  1.708802,  7.440053,  1.058759,  0.001602 
  0.138114,  1.360682,  0.656077,  0.361277,  0.081349,  2.533353,  7.488414,  1.058759,  0.001602 
  0.129326,  0.601286,  0.677764,  0.419278,  0.208597,  1.595142,  7.010108,  1.058759,  0.001602 
  0.138451,  0.626647,  0.681053,  0.365484,  0.094925,  1.984178,  7.161241,  1.058759,  0.001602 
  0.130117,  1.253178,  0.635482,  0.403336,  0.099809,  2.667890,  6.998276,  1.058759,  0.001602 
  0.133102,  1.247569,  0.651431,  0.371453,  0.335812,  2.749180,  7.010431,  1.058759,  0.001602 
  0.129138,  1.339059,  0.659294,  0.400616,  0.097184,  2.543787,  7.344932,  1.058759,  0.001602 
  0.136148,  1.279475,  0.662500,  0.417354,  0.138519,  2.657955,  7.223949,  1.058759,  0.001602 
  0.129645,  0.752766,  0.617050,  0.417330,  0.337135,  2.251413,  7.350118,  1.058759,  0.001602 
  0.138750,  1.204242,  0.678541,  0.415555,  0.125231,  2.647145,  7.077342,  1.058759,  0.001602 
  0.135381,  0.644125,  0.658090,  0.371674,  0.105631,  1.718869,  7.231779,  1.058759,  0.001602 
  0.137765,  0.618884,  0.624826,  0.405860,  0.225861,  1.524285,  7.419730,  1.058759,  0.001602 
  0.137651,  0.678166,  0.676715,  0.401393,  0.332226,  2.604079,  7.341067,  1.058759,  0.001602 
  0.130327,  1.386897,  0.654317,  0.379935,  0.327222,  1.614005,  7.219617,  1.058759,  0.001602 
  0.136400,  1.351600,  0.652149,  0.390772,  0.339390,  1.500083,  7.292217,  1.058759,  0.001602 
  0.130111,  0.719235,  0.659922,  0.363428,  0.074611,  1.997089,  7.035769,  1.058759,  0.001602 
  0.132355,  0.673307,  0.621364,  0.408913,  0.351830,  2.385047,  7.114604,  1.058759,  0.001602 
  0.131398,  1.174735,  0.648854,  0.396129,  0.070113,  2.720409,  7.109094,  1.058759,  0.001602 
  0.132985,  1.218549,  0.614919,  0.409559,  0.080880,  2.583684,  7.285881,  1.058759,  0.001602 
  0.137257,  0.952208,  0.641913,  0.364335,  0.113589,  1.613349,  7.412330,  1.058759,  0.001602 
  0.137829,  0.899045,  0.681392,  0.387541,  0.065917,  1.513562,  7.131989,  1.058759,  0.001602 
  0.133319,  1.001654,  0.692095,  0.419767,  0.081813,  2.745925,  6.978111,  1.058759,  0.001602 
  0.129872,  1.365193,  0.640704,  0.399395,  0.295084,  1.511943,  6.965475,  1.058759,  0.001602 
  0.134992,  1.319225,  0.632669,  0.366184,  0.330235,  2.699358,  7.326354,  1.058759,  0.001602 
  0.129455,  1.202720,  0.682331,  0.365433,  0.078109,  1.571990,  7.324946,  1.058759,  0.001602 
  0.139824,  0.614942,  0.692797,  0.394913,  0.284866,  1.630987,  7.220594,  1.058759,  0.001602 
  0.132986,  0.653780,  0.633487,  0.414394,  0.338312,  1.963039,  7.238116,  1.058759,  0.001602 
  0.133435,  0.766220,  0.620270,  0.376826,  0.062704,  1.756918,  7.423824,  1.058759,  0.001602 
  0.133364,  1.300976,  0.682155,  0.380064,  0.090874,  2.648764,  6.927875,  1.058759,  0.001602 
  0.129642,  1.376208,  0.645061,  0.361547,  0.131114,  2.563990,  7.064590,  1.058759,  0.001602 
  0.139836,  0.698141,  0.688750,  0.381688,  0.079842,  1.592210,  7.184395,  1.058759,  0.001602 
  0.139214,  0.982000,  0.670238,  0.418034,  0.058674,  2.479494,  7.015805,  1.058759,  0.001602 
  0.135203,  0.807392,  0.638898,  0.365077,  0.194841,  1.502665,  6.988506,  1.058759,  0.001602 
  0.130185,  0.620551,  0.622531,  0.400902,  0.299826,  1.748279,  7.270055,  1.058759,  0.001602 
  0.136231,  0.802230,  0.665904,  0.418637,  0.341877,  1.674665,  7.125337,  1.058759,  0.001602 
  0.138770,  1.323167,  0.636594,  0.395090,  0.065432,  2.431773,  7.401655,  1.058759,  0.001602 
  0.131362,  1.381451,  0.698087,  0.387197,  0.212000,  1.558352,  7.421504,  1.058759,  0.001602 
  0.134875,  1.230824,  0.688391,  0.400186,  0.067993,  2.564996,  7.305406,  1.058759,  0.001602 
  0.130624,  0.728339,  0.629097,  0.415413,  0.311285,  2.680713,  7.153914,  1.058759,  0.001602 
  0.137138,  1.332109,  0.643252,  0.380299,  0.313545,  1.528941,  7.360075,  1.058759,  0.001602 
  0.137324,  1.395433,  0.626903,  0.418853,  0.349649,  2.409671,  6.937932,  1.058759,  0.001602 
  0.136726,  0.613641,  0.647854,  0.361821,  0.325065,  2.666971,  7.130538,  1.058759,  0.001602 
  0.139985,  0.786704,  0.632049,  0.401898,  0.336382,  2.530307,  6.956330,  1.058759,  0.001602 
