VARIABLES = "X", "Y", "obj_func", "sens_cb1", sens_sig", "sens_cb2","sens_kar", "sens_cw2", sens_cw3", "sens_cv1", "sens_x", "sens_y"
9.580243E-01      2.970767E-03      1.210220E+00      -2.545191E+00     -3.793054E-01     -9.678404E-03     -3.318135E+00     -2.064577E-01     7.793071E-02      5.709365E-03      -2.043130E-02     -4.576978E+00     
9.580243E-01      2.970767E-03      9.303209E-01      -4.159874E+00     -1.954834E-01     -4.056056E-02     -3.128211E+00     -1.933460E-01     5.693405E-02      -5.899051E-03     -4.203673E-01     -6.617792E+00     
9.580243E-01      2.970767E-03      1.035571E+00      -3.657912E+00     -3.028772E-01     -1.825198E-02     -2.792882E+00     -1.533474E-01     3.417581E-02      6.741793E-05      -2.193703E-01     -5.838607E+00     
9.580243E-01      2.970767E-03      1.031593E+00      -3.623947E+00     -3.518498E-01     -1.514123E-02     -2.832445E+00     -1.824892E-01     9.355155E-02      -2.990885E-05     -2.669518E-01     -4.353852E+00     
9.580243E-01      2.970767E-03      9.535290E-01      -3.643730E+00     -1.670163E-01     -2.564207E-02     -3.152771E+00     -1.472054E-01     1.095844E-01      -2.375910E-03     -3.836396E-01     -5.317284E+00     
9.580243E-01      2.970767E-03      1.129078E+00      -3.282747E+00     -2.400005E-01     -4.712649E-03     -3.426036E+00     7.203547E-02      1.928045E-02      1.475384E-03      -2.100183E-01     -6.437158E+00     
9.580243E-01      2.970767E-03      1.138618E+00      -2.777366E+00     -3.637113E-01     -5.277720E-03     -2.888156E+00     -1.919012E-01     8.536261E-02      4.644822E-03      -2.997783E-02     -3.918467E+00     
9.580243E-01      2.970767E-03      1.019474E+00      -3.528985E+00     -1.679156E-01     -3.053957E-02     -3.675681E+00     -1.868166E-01     1.185066E-01      -2.582443E-03     -3.837928E-01     -5.895641E+00     
9.580243E-01      2.970767E-03      1.007879E+00      -3.906408E+00     -2.758950E-01     -2.490259E-02     -2.987052E+00     -1.854085E-01     5.590447E-02      -1.940296E-03     -3.144753E-01     -6.033564E+00     
9.580243E-01      2.970767E-03      1.109503E+00      -3.147483E+00     -4.731568E-01     -1.923315E-02     -2.674872E+00     -2.274901E-01     5.575906E-02      3.888155E-03      -6.227194E-02     -4.504226E+00     
9.580243E-01      2.970767E-03      9.141906E-01      -3.903880E+00     -2.135218E-01     -3.732725E-02     -2.945326E+00     -2.275857E-01     1.314896E-01      -4.229845E-03     -4.177195E-01     -4.494996E+00     
9.580243E-01      2.970767E-03      9.379713E-01      -3.968962E+00     -2.859572E-01     -4.268487E-02     -3.041500E+00     -2.501383E-01     1.359171E-01      -4.179219E-03     -4.369574E-01     -4.292549E+00     
9.580243E-01      2.970767E-03      1.136541E+00      -3.017177E+00     -3.208108E-01     -1.393051E-02     -3.224367E+00     -2.014052E-01     8.269216E-02      2.871130E-03      -1.293957E-01     -4.909358E+00     
9.580243E-01      2.970767E-03      9.906421E-01      -3.637950E+00     -1.616510E-01     -2.673386E-02     -3.427719E+00     -1.409276E-01     8.312031E-02      -3.777508E-03     -3.784881E-01     -6.228392E+00     
9.580243E-01      2.970767E-03      1.156009E+00      -2.785153E+00     -2.046002E-01     4.436228E-04      -3.446828E+00     1.924627E-02      3.774677E-02      3.141732E-03      -1.359657E-01     -5.828929E+00     
9.580243E-01      2.970767E-03      1.102561E+00      -3.261783E+00     -3.944488E-01     -9.087929E-03     -2.794498E+00     -1.338734E-01     3.600334E-02      2.669094E-03      -1.319797E-01     -5.296099E+00     
9.580243E-01      2.970767E-03      8.878673E-01      -4.001024E+00     -2.029066E-01     -2.621083E-02     -2.706198E+00     -1.460642E-01     9.818323E-02      -3.898073E-03     -4.412750E-01     -4.921918E+00     
9.580243E-01      2.970767E-03      9.611848E-01      -3.808932E+00     -2.570984E-01     -2.722431E-02     -2.887015E+00     -2.096036E-01     1.025513E-01      -2.830007E-03     -3.601620E-01     -4.847094E+00     
9.580243E-01      2.970767E-03      1.190136E+00      -2.709666E+00     -3.855025E-01     -4.169723E-03     -3.057215E+00     -1.721444E-01     3.544462E-02      5.489855E-03      -2.478740E-02     -5.223362E+00     
9.580243E-01      2.970767E-03      1.016649E+00      -3.640448E+00     -2.076870E-01     -2.863880E-02     -3.450563E+00     -1.807354E-01     1.020205E-01      -2.122304E-03     -3.697645E-01     -5.799499E+00     
9.580243E-01      2.970767E-03      1.061404E+00      -3.396898E+00     -2.796913E-01     -2.096362E-02     -3.153661E+00     -2.123292E-01     1.027800E-01      3.187646E-04      -2.324101E-01     -4.800754E+00     
9.580243E-01      2.970767E-03      1.161428E+00      -3.208875E+00     -2.857639E-01     -2.105464E-02     -3.657796E+00     -1.922786E-01     6.682265E-02      1.831719E-03      -1.984278E-01     -6.039111E+00     
9.580243E-01      2.970767E-03      9.315040E-01      -4.009967E+00     -1.656281E-01     -4.074198E-02     -3.163841E+00     -1.976063E-01     7.385256E-02      -5.463824E-03     -3.992762E-01     -6.320588E+00     
9.580243E-01      2.970767E-03      8.675210E-01      -4.398430E+00     -2.537363E-01     -4.442010E-02     -2.856449E+00     -2.539573E-01     1.176476E-01      -6.068558E-03     -5.428380E-01     -4.997275E+00     
9.580243E-01      2.970767E-03      1.028471E+00      -3.362308E+00     -3.767053E-01     -1.582057E-02     -2.592370E+00     -2.238886E-01     1.131630E-01      8.914711E-04      -1.532493E-01     -2.969828E+00     
9.580243E-01      2.970767E-03      9.899791E-01      -3.730613E+00     -1.986886E-01     -2.136121E-02     -3.161884E+00     -9.547365E-02     7.514713E-02      -1.982491E-03     -3.537528E-01     -5.885455E+00     
9.580243E-01      2.970767E-03      1.119107E+00      -3.063073E+00     -2.461881E-01     -7.402005E-03     -3.286153E+00     -1.189857E-01     7.430806E-02      2.656731E-03      -1.686717E-01     -5.319651E+00     
9.580243E-01      2.970767E-03      1.215589E+00      -2.539878E+00     -4.189224E-01     6.862051E-03      -3.032206E+00     -4.519040E-02     3.786976E-02      6.575136E-03      2.901435E-03      -4.813484E+00     
9.580243E-01      2.970767E-03      1.122596E+00      -3.186036E+00     -1.759828E-01     -1.324701E-02     -3.710133E+00     -1.121574E-01     4.327378E-02      -2.195826E-04     -2.340773E-01     -6.417938E+00     
9.580243E-01      2.970767E-03      9.672920E-01      -3.874001E+00     -3.197980E-01     -3.102526E-02     -2.777086E+00     -2.381272E-01     1.065299E-01      -2.418226E-03     -3.372359E-01     -4.364155E+00     
9.580243E-01      2.970767E-03      1.007277E+00      -3.474676E+00     -3.368628E-01     -1.685898E-02     -2.510358E+00     -2.138819E-01     8.352892E-02      5.777107E-04      -1.728259E-01     -3.892224E+00     
9.580243E-01      2.970767E-03      9.414344E-01      -4.137425E+00     -1.588534E-01     -3.839180E-02     -3.340288E+00     -1.494055E-01     2.288623E-02      -6.451301E-03     -4.134443E-01     -7.097142E+00     
9.580243E-01      2.970767E-03      9.784714E-01      -3.806170E+00     -2.275301E-01     -3.513623E-02     -3.150672E+00     -2.165305E-01     9.641015E-02      -3.458173E-03     -3.604994E-01     -5.532966E+00     
9.580243E-01      2.970767E-03      1.119969E+00      -3.214941E+00     -3.547435E-01     -2.120760E-02     -3.263786E+00     -2.303857E-01     1.013808E-01      1.751938E-03      -1.707665E-01     -4.663218E+00     
9.580243E-01      2.970767E-03      1.025558E+00      -3.456631E+00     -1.600230E-01     -2.852544E-02     -3.446433E+00     -1.629006E-01     7.090645E-02      -2.847672E-03     -3.025207E-01     -6.192744E+00     
9.580243E-01      2.970767E-03      1.129447E+00      -3.285509E+00     -2.609330E-01     -1.283166E-02     -3.545413E+00     -1.246792E-01     6.338857E-02      8.948095E-04      -2.386611E-01     -6.063321E+00     
9.580243E-01      2.970767E-03      1.117285E+00      -2.589318E+00     -4.519305E-01     1.897763E-03      -2.421359E+00     -1.788750E-01     9.610310E-02      4.805915E-03      8.971122E-02      -2.082091E+00     
9.580243E-01      2.970767E-03      8.603326E-01      -4.217364E+00     -2.313946E-01     -3.186735E-02     -2.637599E+00     -2.126579E-01     1.128825E-01      -4.866370E-03     -5.030019E-01     -4.498403E+00     
9.580243E-01      2.970767E-03      1.059368E+00      -3.345197E+00     -2.865758E-01     -7.954498E-03     -2.853718E+00     -1.073381E-01     6.740193E-02      1.678469E-03      -1.844673E-01     -4.887232E+00     
9.580243E-01      2.970767E-03      1.091744E+00      -3.403277E+00     -3.470398E-01     -1.854528E-02     -3.074304E+00     -1.948819E-01     6.706683E-02      1.222323E-03      -2.034073E-01     -5.354052E+00     
9.580243E-01      2.970767E-03      1.054792E+00      -3.586558E+00     -1.557620E-01     -2.576122E-02     -3.701414E+00     -1.386807E-01     4.725521E-02      -2.328249E-03     -3.162564E-01     -6.716204E+00     
9.580243E-01      2.970767E-03      1.077969E+00      -3.522337E+00     -2.090988E-01     -1.838761E-02     -3.467544E+00     -1.102915E-01     3.471668E-02      -7.629939E-04     -2.707724E-01     -6.540759E+00     
9.580243E-01      2.970767E-03      1.159164E+00      -2.661002E+00     -3.665815E-01     -7.428706E-03     -3.071743E+00     -2.114365E-01     1.148714E-01      4.804732E-03      -1.243841E-02     -3.429890E+00     
9.580243E-01      2.970767E-03      8.382108E-01      -4.495586E+00     -1.916296E-01     -5.176781E-02     -3.079408E+00     -2.410679E-01     1.115487E-01      -7.972859E-03     -6.039129E-01     -6.020337E+00     
9.580243E-01      2.970767E-03      9.669183E-01      -4.096072E+00     -2.432364E-01     -4.023593E-02     -3.002809E+00     -2.029394E-01     3.087879E-02      -4.337544E-03     -3.390751E-01     -6.567495E+00     
9.580243E-01      2.970767E-03      1.084299E+00      -3.361753E+00     -4.092959E-01     -2.238634E-02     -2.917977E+00     -2.392228E-01     8.212311E-02      1.497908E-03      -1.644755E-01     -4.531438E+00     
9.580243E-01      2.970767E-03      1.015035E+00      -3.380975E+00     -2.124629E-01     -1.667405E-02     -3.023254E+00     -1.552844E-01     9.416028E-02      -3.735374E-04     -2.606756E-01     -4.950624E+00     
9.580243E-01      2.970767E-03      1.140474E+00      -3.068241E+00     -2.778935E-01     -4.733956E-03     -3.332639E+00     -5.879602E-02     5.103608E-02      2.340835E-03      -1.731119E-01     -5.704866E+00     
9.580243E-01      2.970767E-03      1.125345E+00      -3.068625E+00     -3.121410E-01     -5.215316E-03     -3.083507E+00     -1.323920E-01     6.193700E-02      3.008215E-03      -1.357381E-01     -5.124704E+00     
9.580243E-01      2.970767E-03      1.016758E+00      -3.221889E+00     -1.711055E-01     -1.822765E-02     -3.386184E+00     -1.216998E-01     1.256849E-01      -7.296072E-04     -3.197269E-01     -4.910315E+00     
9.580243E-01      2.970767E-03      8.982765E-01      -3.987113E+00     -2.479609E-01     -3.067679E-02     -2.646181E+00     -2.311182E-01     1.232436E-01      -3.656948E-03     -4.041072E-01     -3.855188E+00     
9.580243E-01      2.970767E-03      1.008956E+00      -3.817446E+00     -3.821158E-01     -2.952491E-02     -2.767097E+00     -2.373013E-01     6.967410E-02      -1.126801E-03     -2.781766E-01     -5.102519E+00     
9.580243E-01      2.970767E-03      9.818282E-01      -3.712116E+00     -1.924079E-01     -2.496307E-02     -3.107997E+00     -1.548781E-01     7.495806E-02      -2.621819E-03     -3.376367E-01     -5.874890E+00     
9.580243E-01      2.970767E-03      1.051211E+00      -3.782877E+00     -2.510192E-01     -2.838995E-02     -3.382043E+00     -1.899205E-01     5.094906E-02      -2.048639E-03     -3.101035E-01     -6.495978E+00     
9.580243E-01      2.970767E-03      1.234762E+00      -2.376216E+00     -3.610955E-01     -3.191099E-03     -3.286405E+00     -1.771260E-01     4.890291E-02      6.972752E-03      1.391648E-02      -5.022314E+00     
9.580243E-01      2.970767E-03      9.224459E-01      -4.086827E+00     -1.995493E-01     -4.457288E-02     -3.345775E+00     -2.313008E-01     1.273604E-01      -5.232342E-03     -5.071252E-01     -5.654568E+00     
9.580243E-01      2.970767E-03      1.110708E+00      -3.090920E+00     -2.899043E-01     -1.816521E-02     -3.344133E+00     -2.080961E-01     1.174855E-01      1.822701E-03      -1.815545E-01     -4.498922E+00     
9.580243E-01      2.970767E-03      1.073152E+00      -3.552547E+00     -3.455007E-01     -1.500264E-02     -2.860570E+00     -1.408851E-01     2.971972E-02      1.093400E-03      -1.936489E-01     -5.878644E+00     
9.580243E-01      2.970767E-03      9.044705E-01      -3.993231E+00     -1.718793E-01     -2.664845E-02     -2.878033E+00     -1.224696E-01     7.773556E-02      -4.203660E-03     -4.207899E-01     -5.815562E+00     
9.580243E-01      2.970767E-03      9.826227E-01      -3.823167E+00     -2.523310E-01     -2.613582E-02     -3.056118E+00     -1.790304E-01     9.503116E-02      -2.085165E-03     -3.736311E-01     -5.328622E+00     
