VARIABLES = "X", "Y", "obj_func", "sens_cb1", sens_sig", "sens_cb2","sens_kar", "sens_cw2", sens_cw3", "sens_cv1", "sens_x", "sens_y"
1.044113E+00      1.787159E-02      -3.548817E-01     8.067158E+00      6.178240E-01      1.241473E-01      2.744269E+00      4.010818E-01      -1.734449E-03     1.477956E-02      1.670842E+00      1.071559E+01      
1.044113E+00      1.787159E-02      -6.757956E-02     4.753443E+00      1.336137E-01      7.701804E-02      1.503585E+00      1.984640E-01      1.601697E-04      1.250010E-02      1.083982E+00      5.177379E+00      
1.044113E+00      1.787159E-02      -1.957838E-01     7.957156E+00      3.876749E-01      1.079849E-01      2.018760E+00      3.469410E-01      -5.787138E-04     1.583693E-02      1.651676E+00      9.357748E+00      
1.044113E+00      1.787159E-02      -2.108585E-01     7.670295E+00      4.323189E-01      9.982649E-02      2.208205E+00      3.328285E-01      -9.688015E-04     1.530705E-02      1.719664E+00      9.789280E+00      
1.044113E+00      1.787159E-02      -1.390343E-01     6.806740E+00      1.568691E-01      9.949934E-02      2.305435E+00      2.364496E-01      -5.019148E-03     1.411871E-02      1.522781E+00      8.489908E+00      
1.044113E+00      1.787159E-02      -2.433485E-01     7.475680E+00      2.918146E-01      9.770275E-02      2.640797E+00      2.650227E-01      -1.100358E-04     1.306357E-02      1.672553E+00      9.863172E+00      
1.044113E+00      1.787159E-02      -3.400118E-01     8.317062E+00      5.564703E-01      1.113397E-01      2.399647E+00      3.781777E-01      -1.933484E-03     1.307420E-02      1.659320E+00      1.051285E+01      
1.044113E+00      1.787159E-02      -1.418620E-01     6.500260E+00      1.555723E-01      1.057970E-01      2.672242E+00      2.550921E-01      -9.040541E-03     1.490508E-02      1.533837E+00      8.670439E+00      
1.044113E+00      1.787159E-02      -1.455121E-01     7.301489E+00      3.074284E-01      1.039287E-01      2.069569E+00      3.211600E-01      -2.501903E-04     1.602935E-02      1.596511E+00      8.683139E+00      
1.044113E+00      1.787159E-02      -2.937292E-01     8.518165E+00      7.536946E-01      1.264554E-01      2.056585E+00      4.328156E-01      -1.585906E-03     1.572711E-02      1.705954E+00      1.030511E+01      
1.044113E+00      1.787159E-02      -1.195743E-01     6.754457E+00      1.960666E-01      1.063359E-01      2.126333E+00      2.849974E-01      -8.690187E-03     1.731790E-02      1.495711E+00      8.107869E+00      
1.044113E+00      1.787159E-02      -1.205777E-01     6.605098E+00      2.738278E-01      1.106430E-01      2.184020E+00      3.068323E-01      -8.038875E-03     1.791712E-02      1.540130E+00      8.215880E+00      
1.044113E+00      1.787159E-02      -2.827706E-01     7.951639E+00      4.508014E-01      1.175006E-01      2.610475E+00      3.659803E-01      -1.799255E-03     1.522620E-02      1.675376E+00      1.029544E+01      
1.044113E+00      1.787159E-02      -1.184714E-01     6.253964E+00      1.463984E-01      9.462757E-02      2.301026E+00      2.269071E-01      -1.162190E-03     1.547971E-02      1.456199E+00      7.961768E+00      
1.044113E+00      1.787159E-02      -2.964548E-01     7.558592E+00      2.655953E-01      9.763209E-02      2.733550E+00      2.535770E-01      3.890303E-04      1.191951E-02      1.604673E+00      1.004655E+01      
1.044113E+00      1.787159E-02      -2.652307E-01     8.086921E+00      5.750606E-01      1.038843E-01      2.085597E+00      3.687989E-01      -1.167698E-03     1.523798E-02      1.715469E+00      1.006267E+01      
1.044113E+00      1.787159E-02      -1.048578E-01     6.421158E+00      1.796111E-01      8.703827E-02      1.798863E+00      2.305797E-01      -1.188461E-03     1.448068E-02      1.437957E+00      7.495796E+00      
1.044113E+00      1.787159E-02      -1.442141E-01     7.067127E+00      2.685931E-01      1.028719E-01      2.111740E+00      2.986143E-01      -2.584841E-03     1.692335E-02      1.576653E+00      8.692647E+00      
1.044113E+00      1.787159E-02      -3.441913E-01     8.363253E+00      6.368502E-01      1.125523E-01      2.381989E+00      4.036050E-01      -1.113729E-03     1.390581E-02      1.678011E+00      1.049750E+01      
1.044113E+00      1.787159E-02      -1.454297E-01     6.709312E+00      2.061434E-01      1.065085E-01      2.510042E+00      2.668293E-01      -4.385633E-03     1.483003E-02      1.563156E+00      8.737891E+00      
1.044113E+00      1.787159E-02      -2.220528E-01     7.740976E+00      3.412743E-01      1.147530E-01      2.532415E+00      3.420035E-01      -3.687127E-03     1.593726E-02      1.661144E+00      9.846505E+00      
1.044113E+00      1.787159E-02      -2.438790E-01     7.573669E+00      3.713795E-01      1.251259E-01      2.888997E+00      3.428733E-01      -5.703038E-04     1.427603E-02      1.675661E+00      1.008758E+01      
1.044113E+00      1.787159E-02      -7.832898E-02     5.467060E+00      1.234218E-01      9.062354E-02      1.768336E+00      2.184883E-01      -3.837956E-04     1.413568E-02      1.199780E+00      6.120087E+00      
1.044113E+00      1.787159E-02      -6.494303E-02     4.573939E+00      1.593974E-01      7.122442E-02      1.383399E+00      2.089462E-01      -3.759339E-03     1.217676E-02      1.067056E+00      4.904888E+00      
1.044113E+00      1.787159E-02      -2.600620E-01     8.131024E+00      5.048222E-01      1.087227E-01      2.154385E+00      3.669629E-01      3.440672E-04      1.553151E-02      1.696417E+00      1.013969E+01      
1.044113E+00      1.787159E-02      -1.431542E-01     6.942990E+00      2.010248E-01      9.713280E-02      2.245411E+00      2.465286E-01      -6.476789E-04     1.420741E-02      1.560390E+00      8.588043E+00      
1.044113E+00      1.787159E-02      -2.708612E-01     7.795182E+00      3.194399E-01      1.046787E-01      2.631368E+00      3.020860E-01      -8.883083E-04     1.226069E-02      1.648988E+00      1.006462E+01      
1.044113E+00      1.787159E-02      -3.843698E-01     8.052570E+00      6.921438E-01      9.799300E-02      2.420067E+00      3.568405E-01      -1.629453E-03     1.149527E-02      1.696376E+00      1.070332E+01      
1.044113E+00      1.787159E-02      -2.121739E-01     7.106416E+00      1.956479E-01      1.049828E-01      2.830434E+00      2.653833E-01      6.782137E-04      1.498639E-02      1.585935E+00      9.574207E+00      
1.044113E+00      1.787159E-02      -1.565802E-01     7.373400E+00      3.561366E-01      1.109717E-01      2.088271E+00      3.372708E-01      -2.287792E-03     1.744249E-02      1.623983E+00      9.003056E+00      
1.044113E+00      1.787159E-02      -2.297430E-01     8.208969E+00      4.484234E-01      1.067061E-01      1.960163E+00      3.641587E-01      -2.486042E-04     1.686797E-02      1.657861E+00      9.750519E+00      
1.044113E+00      1.787159E-02      -6.048487E-02     4.080394E+00      8.982412E-02      6.752535E-02      1.451804E+00      1.595051E-01      -1.540455E-04     1.102728E-02      9.578735E-01      4.482318E+00      
1.044113E+00      1.787159E-02      -1.284418E-01     6.810376E+00      2.246854E-01      1.108296E-01      2.228644E+00      2.915643E-01      -3.161747E-03     1.731303E-02      1.510676E+00      8.322824E+00      
1.044113E+00      1.787159E-02      -2.617509E-01     7.872088E+00      4.792953E-01      1.223175E-01      2.681820E+00      3.826489E-01      -3.730834E-03     1.637170E-02      1.708819E+00      1.031563E+01      
1.044113E+00      1.787159E-02      -1.462083E-01     6.778919E+00      1.592076E-01      1.113015E-01      2.467161E+00      2.571831E-01      -2.199681E-04     1.644148E-02      1.491344E+00      8.617265E+00      
1.044113E+00      1.787159E-02      -2.272203E-01     7.336755E+00      3.221701E-01      1.048219E-01      2.722266E+00      2.988710E-01      -2.781087E-04     1.428294E-02      1.684338E+00      9.883295E+00      
1.044113E+00      1.787159E-02      -3.905297E-01     8.438361E+00      7.384282E-01      9.901320E-02      2.073651E+00      3.700087E-01      2.036334E-04      1.217042E-02      1.645821E+00      1.066896E+01      
1.044113E+00      1.787159E-02      -8.526115E-02     5.813649E+00      1.838859E-01      8.039917E-02      1.604747E+00      2.368233E-01      -1.246426E-03     1.403865E-02      1.325978E+00      6.585208E+00      
1.044113E+00      1.787159E-02      -2.456831E-01     8.028870E+00      3.723978E-01      9.934269E-02      2.229389E+00      3.198246E-01      -8.786802E-04     1.381432E-02      1.672541E+00      9.869092E+00      
1.044113E+00      1.787159E-02      -2.294912E-01     7.778837E+00      4.618267E-01      1.147881E-01      2.353336E+00      3.588272E-01      -1.090042E-03     1.570482E-02      1.700714E+00      9.913001E+00      
1.044113E+00      1.787159E-02      -1.410548E-01     6.608601E+00      1.463344E-01      1.065830E-01      2.615658E+00      2.485206E-01      2.769243E-04      1.456926E-02      1.496179E+00      8.551925E+00      
1.044113E+00      1.787159E-02      -1.796596E-01     7.162587E+00      2.307804E-01      1.072597E-01      2.555777E+00      2.773861E-01      2.456450E-04      1.465410E-02      1.601285E+00      9.219796E+00      
1.044113E+00      1.787159E-02      -3.607808E-01     8.218192E+00      5.561873E-01      1.161602E-01      2.687520E+00      3.874323E-01      -4.387970E-03     1.255957E-02      1.662850E+00      1.073216E+01      
1.044113E+00      1.787159E-02      -4.009811E-02     1.711411E+00      4.682574E-02      2.685598E-02      5.943383E-01      7.529335E-02      -2.095457E-03     4.467291E-03      4.191172E-01      1.223337E+00      
1.044113E+00      1.787159E-02      -9.766198E-02     6.347328E+00      2.299691E-01      1.045059E-01      1.814006E+00      2.802332E-01      -9.449125E-06     1.620491E-02      1.380132E+00      7.139549E+00      
1.044113E+00      1.787159E-02      -2.453688E-01     8.013281E+00      5.738382E-01      1.197070E-01      2.288140E+00      4.014327E-01      -1.408148E-03     1.753824E-02      1.716125E+00      1.012596E+01      
1.044113E+00      1.787159E-02      -2.016577E-01     7.526348E+00      2.414378E-01      1.042429E-01      2.359025E+00      2.826077E-01      -2.254995E-03     1.498891E-02      1.601580E+00      9.419835E+00      
1.044113E+00      1.787159E-02      -2.684816E-01     7.584380E+00      3.708571E-01      9.945507E-02      2.592006E+00      2.976940E-01      -3.468975E-04     1.385128E-02      1.688062E+00      1.010705E+01      
1.044113E+00      1.787159E-02      -2.813997E-01     7.949517E+00      4.370942E-01      1.017305E-01      2.421961E+00      3.381404E-01      -8.596952E-04     1.404695E-02      1.688428E+00      1.019007E+01      
1.044113E+00      1.787159E-02      -1.990439E-01     6.998599E+00      1.787525E-01      9.859983E-02      2.670707E+00      2.279725E-01      -7.556538E-03     1.403557E-02      1.609802E+00      9.437458E+00      
1.044113E+00      1.787159E-02      -1.287078E-01     7.077932E+00      2.439040E-01      1.002911E-01      1.949104E+00      3.013179E-01      -2.219536E-03     1.692930E-02      1.542510E+00      8.336251E+00      
1.044113E+00      1.787159E-02      -1.674503E-01     7.540458E+00      4.717570E-01      1.129057E-01      1.985557E+00      3.678133E-01      -7.025343E-04     1.801814E-02      1.658971E+00      9.164595E+00      
1.044113E+00      1.787159E-02      -1.364334E-01     6.924138E+00      1.937292E-01      1.015031E-01      2.183266E+00      2.639661E-01      -5.205270E-04     1.553002E-02      1.518995E+00      8.417683E+00      
1.044113E+00      1.787159E-02      -1.463769E-01     7.037664E+00      2.729008E-01      1.106403E-01      2.370142E+00      3.104835E-01      9.474406E-05      1.608805E-02      1.581890E+00      8.741545E+00      
1.044113E+00      1.787159E-02      -3.825080E-01     8.265150E+00      6.209841E-01      1.223664E-01      2.665747E+00      3.978176E-01      -9.824727E-04     1.228342E-02      1.638055E+00      1.067058E+01      
1.044113E+00      1.787159E-02      -7.802876E-02     5.142602E+00      1.388509E-01      8.713862E-02      1.889507E+00      2.220625E-01      -9.051576E-03     1.339533E-02      1.225178E+00      6.074934E+00      
1.044113E+00      1.787159E-02      -2.684798E-01     7.702511E+00      3.714486E-01      1.182564E-01      2.803238E+00      3.426750E-01      -6.523794E-03     1.474361E-02      1.676607E+00      1.028084E+01      
1.044113E+00      1.787159E-02      -2.221572E-01     8.014593E+00      4.633622E-01      1.078043E-01      2.102114E+00      3.594573E-01      -8.692725E-04     1.526639E-02      1.693951E+00      9.698550E+00      
1.044113E+00      1.787159E-02      -9.326114E-02     6.108641E+00      1.434143E-01      8.381700E-02      1.774876E+00      2.157478E-01      -4.901440E-04     1.388623E-02      1.353494E+00      6.969971E+00      
1.044113E+00      1.787159E-02      -1.433734E-01     6.953016E+00      2.599993E-01      1.026401E-01      2.208990E+00      2.817221E-01      -2.428432E-03     1.491160E-02      1.586844E+00      8.685738E+00      
