VARIABLES = "X", "Y", "obj_func", "sens_cb1", sens_sig", "sens_cb2","sens_kar", "sens_cw2", sens_cw3", "sens_cv1", "sens_x", "sens_y"
1.050496E+00      2.510448E-02      -1.328972E-01     6.190268E+00      4.468606E-01      9.960808E-02      1.937101E+00      3.104392E-01      -4.065342E-03     1.278268E-02      1.369549E+00      8.228062E+00      
1.050496E+00      2.510448E-02      -4.155474E-02     7.350950E-02      8.992920E-03      -1.507236E-03     6.881094E-02      6.036660E-03      -2.574858E-04     -1.296462E-04     2.924610E-02      -5.673937E-01     
1.050496E+00      2.510448E-02      -5.539045E-02     1.882349E+00      9.553650E-02      2.382580E-02      4.914658E-01      8.518172E-02      -6.434207E-04     3.503898E-03      4.209062E-01      1.672893E+00      
1.050496E+00      2.510448E-02      -5.936346E-02     2.039783E+00      1.178279E-01      2.506949E-02      5.972874E-01      9.270870E-02      -1.504437E-03     3.859286E-03      4.906037E-01      2.045116E+00      
1.050496E+00      2.510448E-02      -4.460936E-02     5.430224E-01      1.806357E-02      5.016269E-03      1.870878E-01      1.965626E-02      -4.921007E-04     7.247931E-04      1.549976E-01      1.151062E-01      
1.050496E+00      2.510448E-02      -7.151100E-02     3.216715E+00      1.231467E-01      4.188899E-02      1.100496E+00      1.213149E-01      -5.115439E-04     5.689139E-03      7.753666E-01      3.770500E+00      
1.050496E+00      2.510448E-02      -1.259953E-01     6.298118E+00      3.948845E-01      8.914711E-02      1.684763E+00      2.891615E-01      -4.163092E-03     1.127980E-02      1.329351E+00      8.009602E+00      
1.050496E+00      2.510448E-02      -4.613359E-02     4.918536E-01      1.787833E-02      4.901616E-03      2.094732E-01      1.995920E-02      -4.621733E-04     6.901125E-04      1.471682E-01      3.906604E-02      
1.050496E+00      2.510448E-02      -4.736386E-02     6.302800E-01      3.404346E-02      6.180529E-03      1.747121E-01      2.706305E-02      -3.489337E-04     9.192047E-04      1.657615E-01      1.537026E-01      
1.050496E+00      2.510448E-02      -9.450398E-02     5.144490E+00      4.358031E-01      7.864502E-02      1.179122E+00      2.631270E-01      -2.499190E-03     1.048668E-02      1.084110E+00      6.157095E+00      
1.050496E+00      2.510448E-02      -4.356589E-02     3.324520E-01      1.634763E-02      2.629478E-03      1.296403E-01      1.548822E-02      -9.062530E-04     4.709726E-04      9.365133E-02      -2.072289E-01     
1.050496E+00      2.510448E-02      -4.540478E-02     3.184335E-01      2.110251E-02      2.738563E-03      1.310749E-01      1.617096E-02      -1.030192E-03     4.627256E-04      9.095800E-02      -2.568659E-01     
1.050496E+00      2.510448E-02      -8.804030E-02     4.486627E+00      2.442657E-01      6.798031E-02      1.388066E+00      2.114038E-01      -3.063514E-03     9.172314E-03      1.011927E+00      5.512586E+00      
1.050496E+00      2.510448E-02      -4.371936E-02     3.263454E-01      1.379742E-02      1.914687E-03      1.430241E-01      1.392107E-02      -2.902587E-04     4.075770E-04      9.903361E-02      -2.133331E-01     
1.050496E+00      2.510448E-02      -1.006353E-01     5.077552E+00      1.663341E-01      6.890665E-02      1.700284E+00      1.810713E-01      -8.449156E-04     8.642614E-03      1.153286E+00      6.501443E+00      
1.050496E+00      2.510448E-02      -8.092892E-02     4.108529E+00      2.820503E-01      5.389348E-02      1.022144E+00      1.884980E-01      -1.470899E-03     8.264109E-03      9.228027E-01      4.864498E+00      
1.050496E+00      2.510448E-02      -4.204747E-02     2.675939E-01      1.385175E-02      8.363266E-04      1.069184E-01      1.190968E-02      -5.901657E-04     2.978099E-04      7.817363E-02      -3.008573E-01     
1.050496E+00      2.510448E-02      -4.637134E-02     5.858963E-01      2.917084E-02      5.860525E-03      1.739862E-01      2.429232E-02      -5.672049E-04     8.968866E-04      1.592750E-01      1.345229E-01      
1.050496E+00      2.510448E-02      -1.289872E-01     6.344361E+00      4.546112E-01      8.976571E-02      1.682001E+00      3.066213E-01      -2.048139E-03     1.199212E-02      1.349836E+00      8.060855E+00      
1.050496E+00      2.510448E-02      -4.693972E-02     5.548509E-01      2.379740E-02      5.735106E-03      2.050462E-01      2.233009E-02      -4.103593E-04     7.788921E-04      1.598190E-01      1.050285E-01      
1.050496E+00      2.510448E-02      -6.171268E-02     2.406494E+00      1.079508E-01      3.456107E-02      7.793488E-01      1.110318E-01      -2.245928E-03     4.794138E-03      5.583731E-01      2.522477E+00      
1.050496E+00      2.510448E-02      -6.940274E-02     2.881970E+00      1.417825E-01      4.692994E-02      1.066165E+00      1.360854E-01      -1.454321E-03     5.382704E-03      6.939023E-01      3.303135E+00      
1.050496E+00      2.510448E-02      -4.105423E-02     1.054703E-01      8.898706E-03      -9.710178E-04     7.941309E-02      7.189004E-03      -2.811523E-04     -5.462393E-05     3.647918E-02      -5.063893E-01     
1.050496E+00      2.510448E-02      -4.230674E-02     6.486766E-02      9.716628E-03      -1.551954E-03     6.665778E-02      6.081264E-03      -7.342476E-04     -1.518825E-04     2.688505E-02      -5.983915E-01     
1.050496E+00      2.510448E-02      -7.683727E-02     3.942100E+00      2.365240E-01      5.389174E-02      1.003907E+00      1.816897E-01      -1.718371E-03     7.996848E-03      8.683271E-01      4.616731E+00      
1.050496E+00      2.510448E-02      -4.613158E-02     6.009692E-01      2.355131E-02      5.466555E-03      1.908176E-01      2.226597E-02      -3.473960E-04     8.011720E-04      1.682721E-01      1.620613E-01      
1.050496E+00      2.510448E-02      -8.394063E-02     4.304968E+00      1.684580E-01      5.946031E-02      1.374887E+00      1.745181E-01      -2.242689E-03     7.169071E-03      9.750057E-01      5.218910E+00      
1.050496E+00      2.510448E-02      -1.590367E-01     6.655839E+00      5.345700E-01      8.722211E-02      1.859938E+00      2.901023E-01      -2.599745E-03     1.112883E-02      1.485880E+00      9.130087E+00      
1.050496E+00      2.510448E-02      -5.882499E-02     2.059981E+00      5.984304E-02      2.862348E-02      8.081777E-01      8.370035E-02      -4.140634E-04     4.062228E-03      5.079918E-01      2.157925E+00      
1.050496E+00      2.510448E-02      -4.824872E-02     7.782545E-01      4.531347E-02      9.180690E-03      2.456656E-01      3.761242E-02      -9.201971E-04     1.357258E-03      1.920591E-01      3.260061E-01      
1.050496E+00      2.510448E-02      -6.495241E-02     3.095808E+00      1.669405E-01      4.006302E-02      7.240040E-01      1.408884E-01      -1.559039E-03     6.536190E-03      6.622575E-01      3.268218E+00      
1.050496E+00      2.510448E-02      -4.090062E-02     4.666603E-02      7.217851E-03      -2.106206E-03     6.440138E-02      4.658810E-03      -1.548483E-04     -1.712725E-04     2.520561E-02      -5.890006E-01     
1.050496E+00      2.510448E-02      -4.498603E-02     4.037974E-01      2.077840E-02      3.783629E-03      1.483531E-01      1.841875E-02      -4.583973E-04     5.638752E-04      1.098960E-01      -1.310658E-01     
1.050496E+00      2.510448E-02      -7.616212E-02     3.527497E+00      2.106091E-01      5.516518E-02      1.155723E+00      1.764131E-01      -3.419965E-03     7.578910E-03      8.226174E-01      4.205996E+00      
1.050496E+00      2.510448E-02      -4.544778E-02     5.989592E-01      2.053038E-02      6.716960E-03      2.132859E-01      2.338390E-02      -1.442221E-04     8.750131E-04      1.644891E-01      1.830501E-01      
1.050496E+00      2.510448E-02      -6.449678E-02     2.426904E+00      1.082515E-01      3.340375E-02      8.871270E-01      1.055776E-01      -1.136092E-03     4.552895E-03      6.058883E-01      2.690662E+00      
1.050496E+00      2.510448E-02      -1.649843E-01     7.199967E+00      5.862168E-01      9.145420E-02      1.616557E+00      3.111155E-01      -2.422833E-03     1.219581E-02      1.470006E+00      9.436740E+00      
1.050496E+00      2.510448E-02      -4.176893E-02     1.500473E-01      1.164184E-02      -6.122060E-04     8.184973E-02      8.997376E-03      -7.272563E-04     7.405038E-05      4.847462E-02      -4.683879E-01     
1.050496E+00      2.510448E-02      -7.226122E-02     3.623062E+00      1.630304E-01      4.534897E-02      9.748086E-01      1.488706E-01      -1.812477E-03     6.471873E-03      8.021563E-01      4.080810E+00      
1.050496E+00      2.510448E-02      -6.507295E-02     2.647249E+00      1.576116E-01      3.816262E-02      7.904989E-01      1.263020E-01      -1.540851E-03     5.265265E-03      6.199682E-01      2.860820E+00      
1.050496E+00      2.510448E-02      -4.574424E-02     5.135101E-01      1.775434E-02      5.047373E-03      2.069937E-01      2.066870E-02      -1.892872E-04     6.785991E-04      1.469477E-01      5.135313E-02      
1.050496E+00      2.510448E-02      -5.179913E-02     1.255851E+00      4.619839E-02      1.608785E-02      4.677846E-01      5.319277E-02      -3.829219E-04     2.096481E-03      3.123608E-01      9.706035E-01      
1.050496E+00      2.510448E-02      -1.379588E-01     6.480527E+00      4.095256E-01      9.710534E-02      1.949611E+00      3.083934E-01      -6.103350E-03     1.133242E-02      1.393446E+00      8.536450E+00      
1.050496E+00      2.510448E-02      -4.108361E-02     -7.315089E-03     6.185898E-03      -2.717527E-03     4.531035E-02      2.478560E-03      -5.020867E-04     -3.235371E-04     1.221673E-02      -6.809120E-01     
1.050496E+00      2.510448E-02      -4.304120E-02     2.178638E-01      1.576431E-02      1.026001E-03      9.887856E-02      1.221602E-02      -2.294743E-04     1.717825E-04      5.894100E-02      -3.990106E-01     
1.050496E+00      2.510448E-02      -7.015764E-02     3.151918E+00      2.231501E-01      4.687865E-02      8.781248E-01      1.618359E-01      -2.142959E-03     7.047842E-03      7.180130E-01      3.547030E+00      
1.050496E+00      2.510448E-02      -5.588977E-02     2.024438E+00      6.764773E-02      2.641261E-02      6.361937E-01      8.138480E-02      -1.493515E-03     3.802999E-03      4.686723E-01      1.980312E+00      
1.050496E+00      2.510448E-02      -8.264161E-02     3.988298E+00      1.876215E-01      5.348645E-02      1.298776E+00      1.632975E-01      -1.476062E-03     7.660172E-03      9.508233E-01      4.957730E+00      
1.050496E+00      2.510448E-02      -8.941648E-02     4.603805E+00      2.415332E-01      6.091750E-02      1.328701E+00      2.003216E-01      -2.172485E-03     8.742415E-03      1.040173E+00      5.651243E+00      
1.050496E+00      2.510448E-02      -5.515298E-02     1.781675E+00      4.809441E-02      2.323271E-02      6.901738E-01      6.479806E-02      -2.110412E-03     3.300205E-03      4.493060E-01      1.818589E+00      
1.050496E+00      2.510448E-02      -4.421679E-02     4.316993E-01      2.155827E-02      3.613788E-03      1.338177E-01      1.896862E-02      -8.080451E-04     6.537515E-04      1.170602E-01      -7.721469E-02     
1.050496E+00      2.510448E-02      -5.040985E-02     9.800852E-01      6.917098E-02      1.236745E-02      2.810900E-01      4.995269E-02      -6.811929E-04     1.854382E-03      2.360256E-01      5.672541E-01      
1.050496E+00      2.510448E-02      -4.491472E-02     5.252202E-01      2.118496E-02      4.768741E-03      1.695499E-01      2.082647E-02      -3.002736E-04     7.185041E-04      1.439719E-01      5.415507E-02      
1.050496E+00      2.510448E-02      -4.787610E-02     5.920989E-01      3.093436E-02      6.297664E-03      1.934251E-01      2.601657E-02      -2.770356E-04     8.540894E-04      1.603422E-01      1.078100E-01      
1.050496E+00      2.510448E-02      -1.567175E-01     6.878856E+00      4.826262E-01      1.074723E-01      2.038186E+00      3.321428E-01      -2.685436E-03     1.188806E-02      1.452944E+00      9.020558E+00      
1.050496E+00      2.510448E-02      -4.281889E-02     9.886650E-02      9.670194E-03      -1.218489E-03     8.743844E-02      7.216069E-03      -6.922501E-04     -8.652404E-05     3.951216E-02      -5.400011E-01     
1.050496E+00      2.510448E-02      -7.957994E-02     3.824993E+00      1.784626E-01      5.979243E-02      1.326466E+00      1.755561E-01      -4.455275E-03     7.663149E-03      8.949662E-01      4.723089E+00      
1.050496E+00      2.510448E-02      -6.322864E-02     2.640453E+00      1.528220E-01      3.462025E-02      6.923056E-01      1.212990E-01      -8.551926E-04     4.989407E-03      5.958794E-01      2.723416E+00      
1.050496E+00      2.510448E-02      -4.122957E-02     1.981311E-01      1.079354E-02      -1.556357E-04     9.582951E-02      9.769731E-03      -3.762666E-04     1.463143E-04      6.079377E-02      -3.894736E-01     
1.050496E+00      2.510448E-02      -4.680864E-02     5.678192E-01      2.817845E-02      5.502446E-03      1.785686E-01      2.285400E-02      -5.269375E-04     7.981553E-04      1.588187E-01      1.060262E-01      
